#_MJD RANGE DM DMunc nToA chisq
56525.2961033540 1.86898e-05 50.874870657408274167 0.00162475280825954190 10 0.5024 
56531.2768560007 1.86949e-05 50.878488435239030925 0.00085678823442833637 10 0.1511 
56539.2596595646 1.87008e-05 50.879425635297080989 0.00282638239944547768 10 1.0649 
56540.2568580613 1.86984e-05 50.8770879020412179 0.00095578139293284496 10 0.2323 
56542.2499103992 1.8711e-05 50.875434180836368217 0.00181505269608141424 10 0.7092 
56569.2079391828 1.87168e-05 50.877240669025875414 0.00089660620540769236 10 0.1874 
56582.1298302996 1.87204e-05 50.877586739834824287 0.00083370335785747172 10 0.1558 
56608.0574665205 1.87105e-05 50.873394920290242689 0.00163541198105937135 10 0.4450 
56615.0596535532 1.87221e-05 50.878186500305459743 0.00189716247212093976 10 0.5482 
56672.9167878695 1.86643e-05 50.876539621066268232 0.00134361247935148027 10 0.1855 
56686.8659874180 1.87433e-05 50.874167949825390752 0.00411438245269748256 10 0.8303 
56693.8154249538 1.87293e-05 50.882275630384484137 0.00349081954019943861 9 0.4315 
56700.8247854702 1.87168e-05 50.874433572980664986 0.00235077333116766535 10 0.4676 
56714.8282304150 1.87328e-05 50.881816245388694506 0.00118221195877842803 10 0.2856 
56724.7735949226 1.86569e-05 50.878795011353103249 0.00084208148821498380 10 0.1483 
56725.7504175489 0.0193336 50.873552198935994062 0.00328035048951408770 20 2.9532 
56731.7986723211 1.86927e-05 50.878973313941893718 0.00113082627812817168 10 0.2509 
56732.7358030072 1.87576e-05 50.878110905942988337 0.00228796416029694930 10 0.4897 
56732.7978015117 1.8749e-05 50.880486651187121987 0.00235997685978649131 10 0.7501 
56738.7351278680 0.000408871 50.880140619054910159 0.00151755982387592530 20 0.8067 
56739.7386347247 1.87536e-05 50.875894710264626425 0.00172891026532531137 10 0.4620 
56745.6952428767 1.86716e-05 50.874117176182489741 0.00170148429527859570 10 0.4620 
56746.7094125658 1.87038e-05 50.877646125896506122 0.00202038934164726304 10 0.2742 
56752.7123473861 1.86589e-05 50.875478534312532617 0.00252767239205097536 10 0.7071 
56753.6991773622 0.0179028 50.872082353987097537 0.00528813166267388165 20 2.9183 
56759.6212915327 1.86938e-05 50.879228184241149156 0.00215566424673208079 10 0.6598 
56760.6585814603 0.00801772 50.875667895264800843 0.00207327864795997605 20 0.7960 
56767.6562910741 0.0153229 50.877459180205709732 0.00148605503418218032 20 0.3975 
56774.6254884684 1.87794e-05 50.863368504604825848 0.01219785468254127626 8 0.9896 
56780.6249295564 1.86669e-05 50.882585897359421404 0.00242830435983415298 10 0.5422 
56781.6283797469 0.0008208 50.880942072383094188 0.00151097947407874021 20 0.5175 
56787.5978737376 1.86431e-05 50.877595136906543612 0.00311303206947588550 10 1.1917 
56788.5863574482 0.023408 50.877372362240109213 0.00138044504207018902 20 0.3195 
56795.3527543330 1.87481e-05 50.871263485074151238 0.00476390390912117320 10 0.5058 
56801.5653168018 1.86751e-05 50.874695446620868098 0.00261540534997173682 10 0.4688 
56802.4925009155 1.86833e-05 50.869880958253157099 0.00605506462477012428 10 0.9595 
56802.5668940512 1.87505e-05 50.877818537011047124 0.00208668962727926637 10 0.2555 
56809.4659982767 0.00769205 50.875456281435768351 0.00380873063754762773 20 1.0728 
56829.4547957323 1.87062e-05 50.881646479160588498 0.00316583976902707004 10 0.4637 
56830.4491311659 1.87083e-05 50.882672060742466874 0.00827464538725348163 7 0.2908 
56836.4666530907 1.87553e-05 50.878896122562693265 0.00379640475584625253 10 0.5664 
56837.4914089633 1.86882e-05 50.882865522815678302 0.01307155180715970609 9 1.1436 
56843.4173297667 0.00489556 50.875931745107478309 0.00280875725467962098 18 0.7636 
56851.4289924550 1.87166e-05 50.873553493212862291 0.00260760666407379611 10 0.3805 
56858.4547885686 1.87276e-05 50.8777523158064117 0.00201507340576128268 10 0.5175 
56865.3632164338 1.87235e-05 50.878893526544692827 0.00105986246727211332 10 0.1932 
56865.4137607339 1.86727e-05 50.880789452481782149 0.00536013518453942218 9 0.6632 
56873.3438423856 1.86916e-05 50.879437512836496817 0.00131638924199835913 10 0.2335 
56878.3569425851 1.86845e-05 50.886218692399495179 0.00351488237974474215 9 0.4098 
56893.2816267249 1.87358e-05 50.872818392623629962 0.00140104974251225038 10 0.5161 
56894.3373928504 1.86667e-05 50.881748696677314921 0.00251199072911111607 10 0.4035 
56899.2559993219 1.87124e-05 50.873413760919957816 0.00301675351450132355 9 0.4922 
56906.2312386805 1.87209e-05 50.87221956742197574 0.00143592762130289047 10 0.3479 
56907.2478131887 1.87009e-05 50.869875193969904405 0.00272439267894940924 9 0.3765 
56913.2411859082 1.86948e-05 50.882043234795544064 0.00261158376303378958 10 0.4282 
56915.1749812707 1.87429e-05 50.877763907391999366 0.00142200064814701249 10 0.4771 
56922.1721810615 1.87477e-05 50.878138484489609038 0.00145247650106079015 10 0.3277 
56928.1424973862 1.87313e-05 50.88021509266578828 0.00158526987069151871 10 0.5202 
56935.1051739156 1.87143e-05 50.876618867614291378 0.00129443320536379476 10 0.2845 
56936.0796627324 1.87511e-05 50.87635075537186613 0.00133612489344249897 10 0.3428 
56942.1591235618 1.87193e-05 50.877328238058187725 0.00115823787284477292 10 0.2214 
56948.1092190257 1.87318e-05 50.875363667573360933 0.00106893771167931948 10 0.1414 
56956.0827837121 1.8806e-05 50.876431938603536371 0.00221578088506000368 10 0.4443 
56965.0884575938 1.87197e-05 50.874162898103585675 0.00152447419491535019 10 0.3991 
56969.0711923685 0.0154942 50.879585051526514731 0.00267000139555308375 20 2.0891 
56977.0265415037 1.87506e-05 50.872192778524359981 0.00126825054143453442 10 0.3030 
56977.0839791255 1.87157e-05 50.875598097987296077 0.00190047431288314222 10 0.6827 
56983.0235798219 1.8724e-05 50.880369407502607365 0.00059317960018220298 10 0.0779 
56987.0193832663 1.87044e-05 50.87937538397201763 0.00128895650759893420 10 0.3049 
56991.0307759604 1.87074e-05 50.872665932456997855 0.00164400752807117995 10 0.3783 
56992.0510226434 1.87494e-05 50.874657159113755082 0.00196316673691368558 10 0.8588 
56998.0082412075 1.87114e-05 50.878153472895245889 0.00200936549357074411 10 0.6606 
56998.9749619733 1.87471e-05 50.874791795431699663 0.00117610176057407262 10 0.3117 
57004.9701844285 1.87305e-05 50.877237567919146706 0.00203676598460701295 10 0.8428 
57005.9972619442 1.87275e-05 50.878240599365823882 0.00234534966944091854 10 0.6560 
57019.9516894953 1.87087e-05 50.875924892932438765 0.00193726962491290802 10 0.6664 
57024.9229447561 0.0166878 50.877526364776600516 0.00128078779022588606 20 0.7180 
57033.8777057246 1.8756e-05 50.877343947345482683 0.00075958576146268686 10 0.0981 
57038.8986472754 1.87165e-05 50.87907632055494879 0.00190331778688356120 10 0.5150 
57039.8533822371 1.87459e-05 50.874726932739313668 0.00128271144245701782 10 0.3685 
57046.8269493640 1.87495e-05 50.87525919886759181 0.00105262096863682894 10 0.2510 
57053.8569848159 1.8749e-05 50.877883684130181901 0.00126095674957547562 10 0.3895 
57054.8309880200 1.87334e-05 50.876855175362041109 0.00135653285525906466 10 0.4604 
57059.7931918474 1.87609e-05 50.876823016639669325 0.00077782451200259601 10 0.1694 
57061.8214614648 1.87449e-05 50.873658943640158711 0.00211176912296868373 10 1.0044 
57067.7011369198 1.87483e-05 50.88330730645688901 0.00347614488469017921 10 0.3245 
57068.8096409313 1.87348e-05 50.879072768376828732 0.00130008621851639985 10 0.3937 
57074.7624895845 1.87436e-05 50.876770686092368114 0.00143889997901023377 10 0.5042 
57075.7805597537 1.87593e-05 50.878058371565553393 0.00104778544968517242 10 0.3466 
57087.7183158645 1.87458e-05 50.876950941884648325 0.00086359624857870732 10 0.1908 
57088.7611472263 1.87619e-05 50.872371697953945483 0.00126789874205578091 10 0.3649 
57096.7421305489 1.87346e-05 50.879561420705873766 0.00113073588402680522 10 0.2324 
57103.7223349020 1.87633e-05 50.880066169880153366 0.00075445878880216113 10 0.1089 
57108.6930877206 1.87624e-05 50.879115679675682233 0.00103914795184819795 10 0.2480 
57117.6641822292 1.87529e-05 50.881675293469812219 0.00078196880427419614 10 0.1613 
57118.6534190090 1.87492e-05 50.880903651225488551 0.00126119661746143703 10 0.3286 
57124.6493918678 1.87625e-05 50.881658039761406501 0.00100946824607422688 10 0.2031 
57130.5970811242 1.87584e-05 50.878083107071727015 0.00082204760189690787 10 0.1299 
57137.5989439887 1.87643e-05 50.877989110890990361 0.00169146816549037076 10 0.5173 
57152.5753100859 1.87605e-05 50.875777315024775085 0.00180967352516903058 10 0.6169 
57157.5499952441 1.87581e-05 50.879016894414296382 0.00151688374166998423 10 0.3670 
57161.5686656629 1.87536e-05 50.876157079745037464 0.00198455419183895393 10 0.5183 
57166.5334427835 1.87653e-05 50.878190970603211229 0.00138160193300788697 10 0.3091 
57172.4791589669 1.87581e-05 50.877414233676693484 0.00248587166786683189 10 1.0921 
57179.4512612494 1.87582e-05 50.880399293248601642 0.00184880613899927990 10 0.5888 
57185.4897550788 1.87572e-05 50.890754417926510021 0.00578231659287201018 10 0.8212 
57194.4472203741 1.87846e-05 50.880750832377603314 0.00484701135511793075 5 0.0952 
57201.4227551640 1.87508e-05 50.877406075619922211 0.00216088511430058503 10 0.7423 
57207.4623640518 1.87639e-05 50.883413598872172263 0.00155628747377339546 10 0.3969 
57230.3063679164 1.87614e-05 50.879639334140604159 0.00075835775786239901 10 0.1441 
57237.3192538176 1.8748e-05 50.874552004433413001 0.00080911757904782871 10 0.1345 
57243.3358654376 1.87651e-05 50.877839096703714971 0.00113193382111502765 10 0.2186 
57256.2773299975 1.87673e-05 50.880849362110433753 0.00172395681736500403 10 0.6308 
57263.2606619832 1.87722e-05 50.8794677508305698 0.00145012013934469057 10 0.4482 
57270.2381179246 1.87616e-05 50.879809219009193347 0.00095854348887199558 10 0.2325 
57278.2334326221 1.87585e-05 50.878114936779061113 0.00054248718690182672 10 0.0699 
57292.1799427734 1.87519e-05 50.878455523625376485 0.00175226587535929636 10 0.7405 
57319.0962061476 1.87568e-05 50.87795210896775518 0.00099782423184333491 10 0.2821 
57326.0935771671 1.87506e-05 50.877888864020606317 0.00179618328260591742 10 0.6533 
57334.0811766149 1.87548e-05 50.876437288879232928 0.00129405041457519160 10 0.3851 
57340.0499661877 1.87591e-05 50.878797963500509774 0.00078876785618267880 10 0.1353 
57347.0215255204 1.87658e-05 50.877376107404488265 0.00081945557354425622 10 0.1796 
57354.0219465195 1.87638e-05 50.877244264141408634 0.00066478114067198657 10 0.0963 
57360.9445915765 1.87668e-05 50.881018746673325533 0.00091898979259907301 10 0.1834 
57368.9934070589 1.87602e-05 50.87858614787750932 0.00114650155520644448 10 0.2805 
57375.9744112524 1.8752e-05 50.877572927702111018 0.00213364662737595794 10 0.7469 
57382.9379866644 1.87563e-05 50.877086501615465607 0.00238101727398994491 10 1.2840 
57387.9133642371 1.87606e-05 50.878993431636297815 0.00108589648076982091 10 0.2744 
57395.8915869990 1.87645e-05 50.879361713821309354 0.00125897495210969029 10 0.3988 
57404.8849952767 1.87663e-05 50.879206327400541589 0.00074472515592413082 10 0.1623 
57409.8604160046 1.87536e-05 50.878748325385787794 0.00086692923864061715 10 0.2032 
57425.8478927286 1.87494e-05 50.881531246332834133 0.00165988555611833134 10 0.6598 
57432.8173378609 1.87632e-05 50.879943795412552347 0.00122260978726396359 10 0.2925 
57444.7622872573 1.87617e-05 50.877175594266494042 0.00155543933136535620 10 0.4211 
57453.7958882212 1.87624e-05 50.882582110856014766 0.00148274896135959663 10 0.3573 
57459.7555925626 1.87483e-05 50.881644913761793419 0.00133147354808710859 10 0.3524 
57466.6826469373 1.87484e-05 50.876560119855308167 0.00185487998676743429 10 0.5738 
57475.7598631657 1.87624e-05 50.876733367764373328 0.00154516975666595178 10 0.4378 
57480.7161657665 1.87356e-05 50.882101317201524862 0.00096516604484917152 10 0.1529 
57486.6603451533 1.87676e-05 50.881277277944982576 0.00144253883605952298 10 0.3254 
57494.6326405969 1.87641e-05 50.875596511354001187 0.00153042057211639007 10 0.3464 
57502.6189658254 1.87657e-05 50.880489155152129142 0.00189048261182584451 10 0.5687 
57507.6033330734 1.87629e-05 50.8764843327897156 0.00172209702052893631 10 0.4141 
57514.5815172290 1.87624e-05 50.876933096154110706 0.00174166449292344726 10 0.5284 
57523.5594402890 1.87589e-05 50.879878030332205751 0.00137996621540759047 10 0.2466 
57528.5485213467 1.87612e-05 50.880235362685053181 0.00213537333874959422 10 0.6972 
57536.5327923434 1.87549e-05 50.876917794688896933 0.00339353951945183972 10 0.8170 
57543.4954601213 1.87636e-05 50.878220434305848535 0.00202447604780519024 10 0.4781 
57549.5223928808 1.87602e-05 50.878319004728305777 0.00428200034839524169 10 0.9070 
57556.4635393337 1.87543e-05 50.879013724599503807 0.00344035961034527263 10 0.8900 
57572.4263517716 1.8756e-05 50.87511555390230282 0.00250405563660893987 10 0.3286 
57592.3274808978 1.87586e-05 50.873004384187848745 0.00268829890522381690 10 0.6801 
57601.2869492795 1.87549e-05 50.889006037902936773 0.00267662266782434446 10 0.2939 
57607.3078623007 1.87501e-05 50.87881088687562698 0.00115488001120705032 10 0.1522 
57615.2984110661 1.87474e-05 50.879121808460376467 0.00143893740670483273 10 0.3432 
57621.2564360284 1.87404e-05 50.877807535422158454 0.00127676480950273037 10 0.1639 
57628.2713283154 1.87877e-05 50.876683151888847632 0.00129928636219595116 10 0.1704 
57634.2441314460 1.87498e-05 50.877383230531831506 0.00210395779849470140 10 0.6736 
57655.1912795415 1.87496e-05 50.876794141542154824 0.00237232469924012791 10 0.7350 
57663.1666704872 1.87589e-05 50.881147203637142787 0.00152944049934665232 10 0.3065 
57673.1445695375 1.87633e-05 50.877997030644397051 0.00238127069748516641 10 0.6821 
57679.1264454250 1.87571e-05 50.878586907917804701 0.00256298986758104162 10 0.6571 
57686.1149364428 1.87581e-05 50.87430096237951789 0.00378302843500347629 10 1.2415 
57698.0950561558 1.87693e-05 50.874153930384202124 0.00207685995723249977 10 0.5201 
57706.0578498953 1.87451e-05 50.880120701199417866 0.00316319149802712874 10 1.3204 
57713.0304164867 1.87566e-05 50.885781072644712654 0.00141188626098173861 10 0.2207 
57719.0214859500 1.87642e-05 50.880106597363096925 0.00169035990558719096 10 0.2893 
57724.9976596661 1.87609e-05 50.87967956454303867 0.00251141855933221343 10 0.6731 
57731.9503746352 1.8759e-05 50.878789784720473501 0.00205106553016895250 10 0.6165 
57740.9570414521 1.8774e-05 50.883782825274167905 0.00212816668181235518 10 0.4622 
57746.9481837482 1.87537e-05 50.876755042572672054 0.00204004253067094354 10 0.4662 
57754.9365456391 1.87618e-05 50.882423691311202026 0.00129934051753795407 10 0.1829 
57760.9203311255 1.87672e-05 50.878060250409716921 0.00135946510146092475 10 0.3188 
57768.8773256476 1.87686e-05 50.883929293006613812 0.00220341800600742628 10 0.7859 
57774.8761098928 1.87621e-05 50.884415958201933222 0.00152421922451850475 10 0.2792 
57782.8513850172 1.87636e-05 50.878268454137601708 0.00178877114580248118 10 0.4875 
57789.8306158567 1.87538e-05 50.878491667961585256 0.00184935036513165889 10 0.4025 
57796.8127578038 1.87548e-05 50.88056189941148888 0.00257842406961330140 10 0.6669 
57802.7980722949 1.87605e-05 50.877000008147400433 0.00185363895666083183 10 0.4176 
57809.7729127745 1.87656e-05 50.878643729906896473 0.00144453475782465560 10 0.2813 
57816.7488602239 1.8765e-05 50.882214526985487101 0.00202816806339337291 10 0.5488 
57823.7446336099 1.8744e-05 50.877411062097185331 0.00194324007218237590 10 0.4300 
57831.7100141057 1.87668e-05 50.884419737099106002 0.00216493550717356854 10 0.5648 
57837.7021871244 1.87686e-05 50.879461050692821874 0.00206014864254396891 10 0.5070 
57844.6725751280 1.87513e-05 50.878250319063639508 0.00167936788944181487 10 0.3774 
57851.6784868998 1.87636e-05 50.878463372355489949 0.00125815898663607655 10 0.2951 
57857.6523840280 1.8761e-05 50.879271831757040077 0.00166724007509191441 10 0.4797 
57866.6263052626 1.87653e-05 50.877417740873719983 0.00174347711720486908 10 0.5305 
57871.5910420750 1.87615e-05 50.878381343775295986 0.00141712536092256265 10 0.3776 
57880.5795597582 1.8762e-05 50.880791920238098876 0.00229884953524026221 10 0.8219 
57887.5438000320 1.87518e-05 50.892092705458057664 0.00429022689329487412 10 0.9498 
57894.5447331735 1.87616e-05 50.883422393765701995 0.00240134297741900283 10 0.7940 
57899.5437434512 1.87646e-05 50.874996221254014037 0.00184663762437751620 10 0.5771 
57907.4961668772 1.87069e-05 50.882957177669737445 0.00184278349043998308 10 0.4505 
57915.4976910606 1.87608e-05 50.878446727076104841 0.00144756033094658272 10 0.2350 
57921.4704568032 1.87639e-05 50.878229763120090157 0.00220354133650928945 10 0.5772 
57927.4621512356 1.87639e-05 50.878467558466073391 0.00261381886320904240 10 0.9557 
57942.3926685177 1.87539e-05 50.880451424112435717 0.00298172856327860421 10 1.0769 
57965.3271455710 1.87416e-05 50.878647277966109547 0.00209429693790347000 10 0.5292 
57970.3382772189 1.87565e-05 50.885548359751107111 0.00182977433350590469 10 0.3941 
57986.3274206836 1.8761e-05 50.873476151042228206 0.00162310370287241899 10 0.3536 
57992.2314561248 1.87569e-05 50.896973277496709229 0.00673299540809609454 10 1.0518 
57999.2738552048 1.8754e-05 50.876879820783207628 0.00227394448791251244 10 0.8123 
58005.2488596162 1.8755e-05 50.88012662337811208 0.00201751382965712194 10 0.5953 
58013.2210278432 1.87606e-05 50.878435644606225873 0.00150226044267898337 10 0.3363 
58026.1805004461 1.87565e-05 50.883664407136957705 0.00345175535270127046 7 0.6453 
58048.1688832338 1.87606e-05 50.880045094668931639 0.00109215359047217376 10 0.1904 
58054.1036979152 1.87518e-05 50.884735613150528469 0.00117078876492591999 10 0.2727 
58068.0636052579 1.87625e-05 50.883040268145246679 0.00092023422039743893 10 0.1917 
58076.0962490129 1.87617e-05 50.882328438780906835 0.00159004343492460455 10 0.3527 
58089.9448590462 1.87618e-05 50.881337964696267986 0.00108004173459005232 10 0.1421 
58097.9988609174 1.87554e-05 50.884832850062982665 0.00076742894934080650 10 0.0835 
58102.9599749484 1.87228e-05 50.883476182758338186 0.00248380452469464108 10 0.7582 
58110.9417201606 1.87432e-05 50.886198944261235785 0.00165196542375480558 10 0.2685 
58116.9301397207 1.87335e-05 50.887984940675794501 0.00235486919316122605 10 0.3374 
58123.8289450742 1.87755e-05 50.887743978148812379 0.00397360519143919681 10 0.7813 
58130.8986405556 1.87254e-05 50.891524163722900609 0.00242897810036059964 10 0.2577 
58139.8742536137 1.87386e-05 50.886633151596820959 0.00198782491894326308 10 0.2864 
58146.8760048374 1.87346e-05 50.887139572759794319 0.00258762711429826086 9 0.4555 
58151.8274409965 1.87685e-05 50.891722976693790723 0.00249926478520305726 10 0.5885 
58159.8091559802 1.87209e-05 50.890161713352434811 0.00328542631872152761 10 0.7665 
58165.7979306264 1.87299e-05 50.888478766508835269 0.00306610655273489895 10 0.7699 
58172.7777499683 1.8735e-05 50.884255385379742735 0.00224092316415873492 10 0.6546 
58180.7532990771 1.8732e-05 50.88728298071802799 0.00382495795839885933 10 1.6495 
58187.8037014637 1.87603e-05 50.882388140620686337 0.00214697640319466525 10 0.4319 
58193.7494503857 1.87601e-05 50.882545225341655575 0.00169779766886790965 10 0.3623 
58195.7470610834 1.87432e-05 50.87899659769226977 0.01323555051695257494 8 0.7606 
58200.6620689088 1.87866e-05 50.882324398199335017 0.00222415177525129692 10 0.4218 
58200.7427536775 1.8721e-05 50.884328836743558999 0.00251603885791947847 10 0.6830 
58202.7416184506 1.88385e-05 50.890805004202902324 0.00344094872998086188 10 1.0476 
58207.6710522160 0.00556829 50.885713927480172806 0.00164425376277514451 20 0.4685 
58215.5974951639 1.87694e-05 50.883157788784754708 0.00136539663431780038 10 0.2114 
58222.6519384665 1.87341e-05 50.883576388011754706 0.00153725737833469429 10 0.3300 
58229.6733012174 1.87633e-05 50.881378881687218368 0.00224423038287543475 10 0.6685 
58234.6722151543 1.87604e-05 50.887070707502479912 0.00221464839431144509 10 0.7801 
58243.5358145491 1.8762e-05 50.884430925654366047 0.00149781472605000775 10 0.4290 
58250.5827985772 1.87573e-05 50.879737967659117579 0.00154434015848757653 10 0.5762 
58256.5550302130 1.87559e-05 50.880802107154445162 0.00188948719195965653 10 0.7372 
58264.5346555199 1.87456e-05 50.882026522914699622 0.00161905032048025813 10 0.6422 
58270.5506741146 1.87621e-05 50.885071060587760233 0.00304971949992463229 10 1.4218 
58272.4902499995 1.87751e-05 50.879762139749473964 0.00098328504392751503 10 0.2272 
58272.5587463408 1.87506e-05 50.879979771818582834 0.00103738048358408734 10 0.2306 
58285.5200167152 1.87506e-05 50.880789742122840006 0.00097757882687784939 10 0.2427 
58286.4566178757 1.87656e-05 50.88481800273904905 0.00064564791526680924 10 0.1156 
58289.4073030224 1.87857e-05 50.880489143768750471 0.00348219100889914828 10 0.7123 
58300.3654856534 1.87589e-05 50.884118153008638791 0.00214914577230165523 10 1.1636 
58306.2885150470 1.87521e-05 50.881537851626975417 0.00167244454028637741 10 0.6539 
58307.3899437408 1.87615e-05 50.87950396861787343 0.00175577405695569394 10 0.7718 
58324.3283925478 1.87419e-05 50.88122946709100114 0.00102727110349459610 10 0.2830 
58356.2567435258 1.87666e-05 50.878820410421288934 0.00164678006219502672 10 0.6019 
58370.2309574073 1.87549e-05 50.879213584020515485 0.00107495593517149498 10 0.3092 
58383.2177313266 1.87226e-05 50.880217365287777834 0.00111258935087720553 10 0.3056 
58393.1681927624 1.87467e-05 50.880017445982501964 0.00098997279910141090 10 0.1966 
58399.1703152841 1.87533e-05 50.880969958421694743 0.00106057864686812694 10 0.2695 
58404.1395328862 1.87505e-05 50.881479934044195768 0.00066945082628469305 10 0.1096 
58433.0856378979 1.87239e-05 50.883768119472277073 0.00262686108272780971 10 0.7425 
58439.0516011304 1.87397e-05 50.88794257057197673 0.00168195111955173754 10 0.3974 
58443.0273507556 1.87466e-05 50.883021482708816346 0.00161632489326618100 10 0.3533 
58449.9747644900 1.87643e-05 50.890285823176470509 0.00261765664583632571 10 0.3607 
58455.9867975629 1.87633e-05 50.889431106866633046 0.00208368329473080293 10 0.6683 
58463.9864078702 1.87414e-05 50.886873205324308959 0.00133005669470988796 10 0.2063 
58470.9122665648 1.87569e-05 50.884627503871768927 0.00143192831337590363 10 0.2460 
58477.9161998906 1.87437e-05 50.881802972281805503 0.00099536923932302718 10 0.1002 
58484.9388163194 1.87733e-05 50.883687004683295578 0.00251492190339750636 10 0.5897 
58492.9178876280 1.84742e-05 50.881861252396718632 0.00135775574011526095 9 0.2122 
