#_MJD RANGE DM DMunc nToA chisq
56531.3186091629 1.52276e-06 96.925945611534198021 0.00138612 10 0.8118 
56570.2497626901 1.50819e-06 96.925512726858152911 0.00278175969149245398 10 2.8371 
56574.2527330813 1.55665e-06 96.924185887754749968 0.0019095 10 0.5248 
56582.1609078253 1.53791e-06 96.92549225418851544 0.00204595892745754009 10 1.8393 
56608.0992616091 1.50321e-06 96.923277473565837357 0.00232556 10 0.6958 
56616.0978876391 1.50874e-06 96.928339300760794822 0.00204996458128435186 10 1.2720 
56643.0478483066 1.41536e-06 96.925696661222345688 0.00354919 8 0.6423 
56664.9531652351 1.57473e-06 96.928682724365573364 0.00385571 8 0.3055 
#56670.9364126458 1.60831e-06 96.934007888665865378 0.00853969159558054872 7 1.8163 
#56677.8869587862 1.43752e-06 96.91950868466882333 0.00753638 7 0.4328 
#56684.8916258253 1.50065e-06 96.918996309899263168 0.00560022 7 0.6271 
#56691.8343325992 1.5089e-06 96.919449489128925011 0.00730408 6 0.9881 
#56698.8492571947 1.46292e-06 96.931125942379996137 0.00814094406121712577 7 1.4665 
#56699.9437332591 1.61182e-06 96.918641924612089628 0.00279159088891108844 10 1.2404 
56706.9006605165 1.60909e-06 96.929194279561503196 0.00286228 10 0.9259 
56712.8778009888 1.59613e-06 96.926531247132529864 0.00263777 10 0.7732 
56723.7798381189 1.59184e-06 96.920510726692281123 0.0064599 7 0.7180 
56723.8669997550 1.60073e-06 96.921199833695855286 0.00314591179183690414 10 1.2193 
56725.8769868835 1.67013e-06 96.927400353736046651 0.00375571596378325217 10 2.0169 
56732.9061826578 1.63816e-06 96.928071026475468998 0.00442002164706923641 10 1.7176 
56737.8269803463 1.61778e-06 96.928628502326988091 0.00292753 10 0.4577 
#56739.7763750245 1.50596e-06 96.914104643111735241 0.00696526219927045501 7 1.0671 
56739.8415157367 1.57337e-06 96.927918304829573527 0.00325994903697159793 10 1.3364 
#56744.7298595712 1.59218e-06 96.935816053964304562 0.00649 7 0.6891 
56746.8014503057 1.51975e-06 96.92301742676329767 0.00375964301147247099 10 2.0161 
56751.7333080078 0.00136653 96.92534006707121981 0.00232692 16 0.8912 
56753.8202077933 1.62802e-06 96.93021170271555461 0.00315978 9 0.6193 
56758.6860674120 1.54971e-06 96.921950765111340539 0.0055784 7 0.7742 
56758.7426460008 1.62617e-06 96.924814009455841135 0.00288376 10 0.9680 
56760.7298685394 1.4317e-06 96.927286812031463126 0.00231714 10 0.3292 
#56765.6624822937 1.58037e-06 96.925720581071351536 0.00645998941031462361 7 1.0493 
56765.7546844045 1.60547e-06 96.926572959466951937 0.00412829 9 0.8005 
56768.8340513178 1.56989e-06 96.923853405354776246 0.00510889 9 0.6599 
#56772.6478827742 1.55832e-06 96.912934551335949758 0.01023980494560086489 7 2.2277 
56772.7202000437 1.61896e-06 96.925234992408418611 0.00266454 10 0.5539 
#56779.6437178639 1.56545e-06 96.929307688816175308 0.00538524 8 0.3890 
56779.7195748773 1.62913e-06 96.929249493095497307 0.00269221 9 0.7666 
56781.7298815223 1.5951e-06 96.922460534837962608 0.00291986 10 0.8206 
#56786.6145229290 1.4582e-06 96.91836247133206135 0.00693059508140290124 7 1.4403 
56786.6909376352 1.60972e-06 96.92768328247283028 0.00261243 10 0.8243 
56788.7027134312 1.60536e-06 96.935220188460789581 0.00282863 10 0.5197 
56795.5896112976 1.51369e-06 96.924966637588662717 0.00305434644095681088 10 1.2292 
56800.5625976105 1.19618e-06 96.923445307755599257 0.00635645 7 0.6475 
56800.6471651248 1.6151e-06 96.932181938131262773 0.00393208710907412551 10 2.0980 
56802.6743092217 1.58323e-06 96.925415981242212422 0.00349154043418247600 10 1.8437 
56830.5985308229 1.8045e-06 96.927135514470308203 0.00214553737652671160 10 1.4709 
56837.5587740052 1.55727e-06 96.923725600940385222 0.00269992091090479232 9 1.4621 
56843.4938119888 1.50506e-06 96.92483227371408927 0.00116799267284801523 10 1.1371 
56850.3945305861 1.59106e-06 96.926685659683619316 0.00130186850613488452 10 1.3994 
56857.4236435296 1.53475e-06 96.926282930347285191 0.00100493 10 0.3741 
56865.4524500475 1.50609e-06 96.924822034444947476 0.00101637 10 0.7474 
56871.4045549310 1.52887e-06 96.927365114673530333 0.00151275703494403052 10 2.1046 
56878.3900866929 1.46519e-06 96.927564407154843847 0.000864798 10 0.9398 
56892.3241668550 1.51313e-06 96.92762351853802158 0.000965907 10 0.5541 
56899.2956769897 1.47531e-06 96.927720483308312888 0.00138744486044980911 10 2.1069 
56907.2877811013 1.50821e-06 96.926549709403645998 0.00107582 10 0.9615 
56922.2208985365 1.50134e-06 96.928217702650789657 0.00160914429580786482 10 1.5712 
56929.2084935401 1.45815e-06 96.924129069007956751 0.00135040961475859050 10 1.1630 
56936.1350900136 1.54287e-06 96.925147327788989178 0.00131495 10 0.7619 
56943.1253790081 1.52508e-06 96.926559942063689461 0.00126148 10 0.4986 
56948.1731150876 1.48215e-06 96.929563155722537879 0.00117192117473525299 10 1.2369 
56956.0818606322 1.5775e-06 96.926527833579285601 0.00125057812555876154 10 1.2915 
56983.0773590375 1.53374e-06 96.927698145987271919 0.00116556689585983774 10 1.4022 
56987.0313161342 1.50195e-06 96.928726706558691412 0.00145771 10 0.5092 
56999.0449366168 1.48659e-06 96.927488288930942192 0.00102418 10 0.7778 
57024.9590349409 1.53617e-06 96.92689887487759632 0.000874805 10 0.2688 
57038.9180179618 1.43797e-06 96.927093570321582877 0.00092872265875283786 10 1.3119 
57052.8839657842 1.5102e-06 96.927517141016342944 0.00100757158262219926 10 1.2997 
57074.8280936495 1.4523e-06 96.926751502309708292 0.000890966 10 0.9432 
57082.8192365701 1.4689e-06 96.927006790032879349 0.00117231228867956962 10 1.2369 
57087.7836598794 1.51585e-06 96.928068959306344803 0.00103712031213486666 10 1.0646 
57095.7790885486 1.4974e-06 96.92654591912659913 0.000957397 10 0.4642 
57101.6996500790 1.66868e-06 96.924330981270182914 0.00144053346135580417 10 1.6784 
57110.7432355613 1.47041e-06 96.928199617795156105 0.000989732 10 0.3397 
57122.6787668080 1.86634e-06 96.926574787031002406 0.00099139060638841515 10 1.2064 
57129.6470403835 1.83612e-06 96.926600859676243158 0.000888504 10 0.5821 
57138.6812592687 1.87604e-06 96.926712309712450742 0.00098467 10 0.7434 
57150.6065891211 1.79112e-06 96.925024667311404723 0.00098387661808214868 10 1.0243 
57158.6139527334 1.85312e-06 96.925556674374382798 0.00107006 10 0.6801 
57164.5750083675 1.81077e-06 96.925196058912393038 0.00109755646198626605 10 1.0751 
57173.5846052112 1.83002e-06 96.926375275072933012 0.00130379680067820914 10 1.1936 
57179.5827468205 1.81568e-06 96.925559952021179862 0.00118761 10 0.9851 
57185.5068287277 1.8266e-06 96.926525560578369503 0.00138378 10 0.9665 
#57200.5015377795 1.68478e-06 96.929084001300331898 0.0067793 7 0.4943 
57207.4846809997 1.84175e-06 96.925606294843533947 0.00149068546065862589 10 1.2227 
57213.4555679308 1.80893e-06 96.925152059163804594 0.00213649405143960221 10 1.5675 
57229.4214692009 1.8426e-06 96.927317559972915352 0.00123296 10 0.2391 
57235.4082517280 1.85171e-06 96.926287959280608253 0.00122456 10 0.5440 
57243.3825798066 1.79698e-06 96.924393495053418807 0.00113761 10 0.8722 
57257.3393819397 1.91953e-06 96.925564038972814258 0.00111912 10 0.7240 
57265.3182629581 1.66544e-06 96.925668783787798842 0.00099157692106274548 10 1.1019 
57271.2965280120 1.85871e-06 96.925943963327224728 0.00117649851001873059 10 1.1641 
57293.2333029707 1.54926e-06 96.92555224394957205 0.000938007 10 0.8828 
57299.1953388594 1.42486e-06 96.926435005087265985 0.00119094836542573117 10 1.3168 
57312.1744181711 1.41371e-06 96.928314084545459557 0.00097421706799428890 10 1.1345 
57319.1681716924 1.46814e-06 96.924709697091175252 0.000938374 10 0.9224 
57327.1470833997 1.58623e-06 96.923783837619152434 0.00160896312169650328 10 2.6906 
57333.1156382380 1.49497e-06 96.925146622964877659 0.000962096 10 0.5330 
57340.0972401512 1.51711e-06 96.926910616481324029 0.000830548 10 0.3307 
57347.0761379400 1.51132e-06 96.92465121490095762 0.000817093 10 0.7909 
57354.0650006617 1.49538e-06 96.925980674978383322 0.000921618 10 0.4832 
57361.0487322525 1.50467e-06 96.925576733114044967 0.00095183 10 0.9392 
57368.0262324881 1.51696e-06 96.925970337406998197 0.000904843 10 0.9794 
57375.0258399165 1.49653e-06 96.927354632996812527 0.000955152 10 0.4117 
57380.9881406955 1.56871e-06 96.925290439796711002 0.000925913 10 0.2409 
57387.9746325820 1.44581e-06 96.925699229950846518 0.00116243950659351163 10 1.8465 
57396.9416270715 1.52774e-06 96.923805245464417495 0.000891334 10 0.2344 
57402.9188567788 1.51423e-06 96.926853082604368106 0.000834521 10 0.6431 
57411.9244954449 1.52595e-06 96.926566728595747013 0.00164679897654198626 10 2.4572 
57417.8821538450 1.60287e-06 96.92593747678433113 0.00102086 9 0.8940 
57420.8377351756 1.60971e-06 96.925595357413417689 0.00129770399059098954 10 1.2618 
57423.8625467620 1.55143e-06 96.926869304338520598 0.0010813 10 0.6769 
57431.8604201003 1.55141e-06 96.925824378459030303 0.00137837755272639489 10 1.2604 
57437.7956584016 1.63179e-06 96.928281385727718428 0.00157168 10 0.7774 
57445.8484267293 1.55993e-06 96.925339545013269316 0.00162841598400883234 10 1.2680 
57452.7911296510 1.55517e-06 96.924148301743153926 0.00137328 10 0.8528 
57459.8208475203 1.58637e-06 96.926358278559852998 0.00131134 10 0.8081 
57466.7895858338 1.61177e-06 96.926466958077455868 0.00136203011847158104 10 1.2340 
57474.8181829905 1.65842e-06 96.925424454526745273 0.00177398667495356956 10 1.9557 
57479.6816795955 1.78365e-06 96.926681715426347696 0.00141087659463850655 10 1.0782 
57488.7342118410 1.57233e-06 96.92562489744697752 0.00127106 10 0.8209 
57493.6788855774 1.56694e-06 96.926256728906345229 0.00115232 10 0.7607 
57500.6429020716 1.63642e-06 96.927072225689471389 0.00100713 10 0.8282 
57508.6262679432 1.55469e-06 96.925216205645463002 0.00108511 10 0.5482 
57516.6205403550 1.72005e-06 96.924919210009913263 0.00120711538869754261 10 1.0792 
57523.6413436795 1.51796e-06 96.92631298756223774 0.0012232 10 0.7418 
57528.5743269695 1.65492e-06 96.924879503088803373 0.00112917286683115754 10 1.1203 
57536.5567095136 1.72244e-06 96.924314177347130624 0.00112255 10 0.3482 
57558.4986384141 1.55388e-06 96.925561943615964625 0.00127421 10 0.4919 
#57565.4864556035 1.58364e-06 96.929201062489844035 0.00662275407642128923 8 2.6258 
57570.4600676817 1.68393e-06 96.926389266532593986 0.00111725 10 0.9652 
57577.4832289822 1.77349e-06 96.923324490355276306 0.00369305731506799646 10 1.4950 
57600.3813942496 1.7223e-06 96.927520220725520088 0.00129108757598073057 10 1.1961 
57606.3629299401 1.73196e-06 96.925488752961881815 0.00114371789893214317 10 1.2081 
57613.3322216063 1.65042e-06 96.925881615801080332 0.00118337092863816419 10 1.4629 
57622.3162355416 1.80733e-06 96.925052740184873552 0.00109837 10 0.7439 
57628.3106798626 1.66486e-06 96.926365913108372706 0.00102234 10 0.8590 
57635.2821608011 1.79272e-06 96.928389932108722046 0.00106462487551317012 10 1.2406 
57656.2255300309 1.60466e-06 96.926069520985261914 0.00116989999103091972 10 1.1017 
57664.2046849698 1.58964e-06 96.925816981316517656 0.00100166799750801209 10 1.0287 
57672.1724326273 1.51884e-06 96.925923100859379559 0.000772623 10 0.6325 
57679.1637440846 1.5423e-06 96.924539860135179782 0.000896869 10 0.7066 
57687.1526404942 1.56634e-06 96.927246195552096877 0.00105603845631002213 10 1.2380 
57687.2373720542 1.86423e-06 96.925132918281658279 0.00115243201535601063 10 1.1014 
57698.1321691856 1.52175e-06 96.924687724472769881 0.00102989 10 0.5582 
57705.1003820481 1.52197e-06 96.927559607694229536 0.00108034117204721552 10 1.2717 
57711.0271132436 1.58163e-06 96.925536425642391108 0.000985366 10 0.7026 
57718.0287177726 1.51343e-06 96.92674186343214987 0.000982182 10 0.5913 
57726.0765057261 1.34799e-06 96.927048061860294551 0.000940113 10 0.7677 
57733.0322367042 1.554e-06 96.925335993467692505 0.00115924242491287485 10 1.5308 
57740.9926830349 1.54214e-06 96.926354919708905482 0.00111137867084313722 10 1.3576 
57746.9822740189 1.5152e-06 96.927208742812640971 0.00129178115691526993 10 2.4925 
57752.9702888270 1.64e-06 96.925751877878633764 0.000869592 10 0.8386 
57760.9440292139 1.58591e-06 96.925253485082773823 0.00120058 10 0.9209 
57766.9191776726 1.56333e-06 96.922120607142974405 0.00125351 10 0.4559 
57773.9070428013 1.60928e-06 96.926093261425482463 0.00140430025022041517 10 1.2761 
57781.8889575086 1.55728e-06 96.92565113000296765 0.00123346042044450302 10 1.2112 
57787.8687765092 1.53484e-06 96.926129033411255409 0.00119771964992281205 10 1.0290 
57796.8584397954 1.56524e-06 96.923967221607405943 0.00146618608492908218 10 1.8296 
57802.8251568857 1.58513e-06 96.92501057927072787 0.00107769588878250120 10 1.1354 
57810.8187255418 1.63385e-06 96.924283795509207376 0.000969185 10 0.5675 
57816.7919480949 1.60137e-06 96.925876219175756174 0.00100866 10 0.7722 
57824.7687271812 1.56238e-06 96.926452914241145543 0.00109773443810556415 10 1.1527 
57830.7509767450 1.62333e-06 96.926135083842784881 0.000986794 10 0.5499 
57837.7333784879 1.59915e-06 96.925543208703531475 0.00136673223037463154 10 1.4333 
57844.7364157752 1.73356e-06 96.92238920790239827 0.00156873671695420438 10 1.3846 
57851.7761938242 1.60747e-06 96.923030138241135674 0.00132441 10 0.5381 
57857.6873624869 1.65919e-06 96.925547442725701212 0.000992771 10 0.5304 
57872.7175347196 1.69506e-06 96.926364675654198125 0.0013115 10 0.6837 
#57878.6171548926 1.67612e-06 96.913602987130026675 0.00398957091419349479 9 3.7774 
57885.5992567134 1.70834e-06 96.92046906048348507 0.00159854945745310111 10 1.2851 
57894.6071336070 1.77824e-06 96.925467624373852098 0.00111388 10 0.6330 
57900.5592185851 1.75905e-06 96.925518093322940369 0.00100999 10 0.7632 
57908.5272502715 1.74363e-06 96.925684079656758182 0.00104714 10 0.4691 
57915.5706167114 1.7587e-06 96.926326877119797484 0.00156123278814315931 10 1.7020 
57920.4608566638 1.58876e-06 96.926670627663667978 0.00131652 10 0.6695 
57920.5314369796 1.69491e-06 96.927495325524661518 0.00126251 10 0.6235 
#57927.4800175200 1.57686e-06 96.950315765459132399 0.011568 6 0.9635 
57935.4680775173 1.81696e-06 96.926515410028837888 0.00181026552219411599 10 1.6292 
57941.4512098301 1.84642e-06 96.927282962734328704 0.0011261 10 0.3511 
57950.4284344595 1.8394e-06 96.926620918353228303 0.00106198 10 0.7111 
57955.4123368854 1.80235e-06 96.922821035501485101 0.00120578 10 0.7257 
57963.3843037435 1.8805e-06 96.925829375516459753 0.00096698771829571825 10 1.1263 
57971.3695752572 1.64489e-06 96.926034529310227866 0.000960743 10 0.6465 
57986.3164861326 1.70262e-06 96.927162716661255375 0.00117788142941387228 10 1.4993 
57992.2966945365 1.68354e-06 96.923694934624068986 0.00108051 10 0.5241 
58005.2734312750 1.54297e-06 96.926563708565604167 0.000990638 10 0.3500 
58011.2536370738 1.85187e-06 96.924511759963574965 0.000971138 10 0.9572 
58027.2139075596 1.56483e-06 96.925659006412636126 0.00148332468465045249 10 1.1934 
58034.1972656860 1.48162e-06 96.927055904083523924 0.00129385 10 0.5825 
58047.1614786217 1.546e-06 96.925571287252602661 0.00122017 10 0.8266 
58054.1357817486 1.50482e-06 96.924619708156757529 0.00116206 10 0.7532 
58068.0827740827 1.51122e-06 96.92641817155905283 0.00100389 10 0.7225 
58076.0730681325 1.54688e-06 96.922604995960993483 0.00117547274852002732 10 1.2229 
58090.0384766536 1.68992e-06 96.927100235480204385 0.00131759267146730084 10 1.5771 
58097.0491406840 1.6791e-06 96.925045928553765162 0.00135446887492857593 10 1.5757 
58103.9682568577 1.76246e-06 96.923920007766556674 0.00124215 10 0.8464 
58110.9739025987 1.78266e-06 96.923943781669430378 0.000920489 10 0.8354 
58117.9589347007 1.8324e-06 96.924702280399116235 0.000993358 10 0.6203 
58125.9531492781 1.84514e-06 96.926275432003719361 0.00110177 10 0.5555 
58131.9161687241 1.74972e-06 96.925378403950305628 0.000906781 10 0.4517 
58138.9208288636 1.73068e-06 96.926271018199733898 0.00108532 10 0.6713 
#58146.8811250389 1.74377e-06 96.916460186294586886 0.00653974218305558835 9 2.7147 
58151.8365153062 1.84166e-06 96.924881840861577813 0.00110072 10 0.3284 
58158.8468127772 1.70417e-06 96.925954392826536465 0.00143276267373175785 10 2.1886 
58166.8242688007 1.88703e-06 96.924625020201158956 0.00110235456404143644 10 1.4563 
58173.8148988022 1.85098e-06 96.92648516491110746 0.00104106 10 0.4309 
58181.7934438423 1.65197e-06 96.925198620101891925 0.00153440965413049872 10 1.8007 
58186.7746105158 1.36329e-06 96.924394528620865588 0.00114688301818445526 10 1.0456 
58193.7573598250 1.38104e-06 96.924304186647827139 0.00104078 10 0.6280 
58201.7377050288 1.4023e-06 96.928204749509087768 0.00153113290752792709 10 2.0422 
58207.7052509363 1.34157e-06 96.924516285956335518 0.000964334 10 0.3012 
58216.6876730519 1.37438e-06 96.927609364028857311 0.00158917662906119667 10 2.0574 
58223.6858156798 1.39312e-06 96.926824824593472298 0.00114603 10 0.7929 
58228.6738912974 1.37377e-06 96.925402059014899823 0.00106917 10 0.9987 
58234.7366560331 1.44336e-06 96.925703931969543987 0.00151859 10 0.2580 
58242.6233671786 1.39404e-06 96.926451901688928346 0.00124940671030885557 10 1.1612 
58250.5903174028 1.40377e-06 96.925181424427272997 0.00114035929718258005 10 1.2888 
58256.5514170746 1.34219e-06 96.926030548263163805 0.00152290982969683557 10 1.4781 
58256.6208374767 1.3927e-06 96.927239460511747646 0.00131825 10 0.7270 
58263.5519088073 1.32565e-06 96.927032396827245454 0.00131426975951552433 10 1.5117 
58272.5525946112 1.36586e-06 96.92431502580920942 0.00121397 10 0.8751 
58286.5490847414 1.33352e-06 96.925815965620419026 0.00126163 10 0.6736 
58299.4673605677 1.40476e-06 96.925855100854766785 0.00137091989273058689 10 1.4602 
58307.4422648973 1.58295e-06 96.924923071252362949 0.00113629765953663872 10 1.1092 
58314.4192585471 1.44887e-06 96.928960442245909901 0.00113144 10 0.2325 
58324.3872205892 1.32868e-06 96.926341624242290801 0.00123286 10 0.7786 
58326.5274472398 1.38897e-06 96.92988681365689313 0.00276805 10 0.5325 
58327.2998983519 1.70429e-06 96.926509222354744547 0.00146722 10 0.7327 
58328.3110736224 1.38865e-06 96.926167344310747431 0.00143262 10 0.8332 
58341.3299138894 1.29873e-06 96.925697033057202918 0.00118416567347571144 10 1.0004 
58357.3138082518 1.3075e-06 96.92742928483691741 0.00128999372474769189 10 1.9248 
58369.2848635412 1.28804e-06 96.925110499608512687 0.00113447 10 0.7426 
58380.2493578085 1.24878e-06 96.926142269719367348 0.00122704 10 0.2395 
58385.2357723083 1.32358e-06 96.924861388879909194 0.00112886 10 0.5266 
58394.2019062561 1.29848e-06 96.92691259726852171 0.00121276246353514932 10 1.0455 
58398.2093776587 1.42296e-06 96.92687207611663501 0.00126866 10 0.8980 
58404.1629636875 1.38992e-06 96.927303172683082128 0.00119489984399867924 10 1.3565 
58408.1572427360 1.41588e-06 96.927503115066235215 0.00110125257290657292 10 1.1239 
58433.1402695250 0.0189121 96.926530684583222811 0.00135978453719033860 20 1.1206 
58439.0794331641 1.73916e-06 96.928269860899431407 0.000974971 10 0.6934 
58450.1802326257 1.67277e-06 96.927386427235011142 0.00167695 10 0.3629 
58456.0622913250 1.68447e-06 96.925535727398843822 0.00133510153795860279 10 1.1279 
58464.1077139419 1.86434e-06 96.924554066404714256 0.00175045772089539998 10 1.1215 
58471.0385035296 1.74006e-06 96.927770924962773809 0.00188115995081843926 10 1.2748 
58477.0155823221 1.75684e-06 96.925881049464718303 0.00173218899776402349 10 1.3320 
58483.8889114551 1.83111e-06 96.926647767140450794 0.00157159 9 0.6568 
58483.9675376740 1.84563e-06 96.927222573251860804 0.00141339 10 0.8124 
58492.9790291138 1.58445e-06 96.924942275041251601 0.00123692 9 0.2823 
