#_MJD RANGE DM DMunc nToA chisq
56532.3773644825 4.48978e-06 40.966103003968956323 0.00268958667441449376 5 0.6461 
56538.3600602101 4.40364e-06 40.96577804704369994 0.00205149982632518322 7 0.2394 
56553.3371594153 5.17318e-06 40.964800881365481814 0.00163775923560489076 10 1.7583 
56566.2887136565 5.13033e-06 40.967750973224441952 0.00101229097877263922 10 0.6552 
56581.2583284282 5.1513e-06 40.96518156893021638 0.00165310510484203391 10 0.9208 
56594.2316378440 5.14606e-06 40.965703571757989761 0.00099110200848048693 9 0.7555 
56608.1843405790 4.47113e-06 40.965649673320314685 0.00188221188788389115 7 0.2536 
56616.1881823652 4.43723e-06 40.964929913790569027 0.00094463393173887969 9 0.4634 
56655.0541296085 5.19739e-06 40.969276614618032009 0.00361918958052103237 8 0.5937 
56665.0254865990 5.14594e-06 40.966046917522735502 0.00574914233262165120 7 0.6893 
56700.9135425665 4.54113e-06 40.966618415684156847 0.00306522573001019854 7 1.2676 
56707.8677247285 4.50824e-06 40.959593325153228899 0.00271625119854921595 4 0.1562 
56713.8683776629 4.53231e-06 40.97055878117783146 0.00259106270565014800 8 0.8059 
56723.8413108317 4.29105e-06 40.971821080449732453 0.00128356244609673749 7 0.2758 
56730.8606906506 4.27285e-06 40.967813228983940805 0.00244374376394910749 6 0.7923 
56731.8279207653 4.5561e-06 40.968107094910857384 0.00185184711839363864 8 0.3337 
56737.7994388193 4.30279e-06 40.965979994648706364 0.00088904587580431794 8 0.1364 
56738.8010704248 4.55944e-06 40.960250165779649202 0.00128019751903832193 5 0.0909 
56744.7599732232 4.48239e-06 40.969515551561720292 0.00311638996778519162 7 0.6276 
56751.7741299504 3.32102e-06 40.96585975066652063 0.00283995767557219730 7 1.1324 
56759.7121632925 3.64119e-06 40.959784944108659742 0.00350354439224546217 5 0.5306 
56766.7336873499 4.48248e-06 40.964895258091592975 0.00166524610804436512 6 0.1852 
56779.6906229015 3.33584e-06 40.965809686774331291 0.00103270691268731742 6 0.1331 
56780.6905699701 4.72283e-06 40.969127452724725721 0.00407116835413918934 6 1.4016 
56787.6590734723 4.60695e-06 40.96759645927464269 0.00170730074318044744 8 0.5257 
56817.5677391298 4.55862e-06 40.966662259941489133 0.00178618721478297879 9 0.9194 
56829.5766919125 4.53163e-06 40.966413040536655638 0.00245956873516557997 8 0.9885 
56837.5818283118 4.95401e-06 40.96623411389870166 0.00132534152654561707 10 0.4665 
56844.5527979341 5.00084e-06 40.965933564496344592 0.00178624033496827157 10 1.7018 
56850.5192150663 4.92511e-06 40.964865367954974358 0.00126704361968260192 10 1.0003 
56857.5440678304 4.94461e-06 40.966220302967568567 0.00133332622048999878 9 0.7512 
56864.4561747156 4.69546e-06 40.964111718371247942 0.00070761859664520365 9 0.3193 
56878.4555160694 4.85911e-06 40.96488518286157015 0.00087036208925452159 10 0.4679 
56892.3901736885 4.56414e-06 40.964430815555503883 0.00188782051124381759 9 2.4583 
56899.3354219987 4.60304e-06 40.96433592333402781 0.00163025294529258488 9 1.6274 
56906.3262765269 4.9784e-06 40.965501340936271411 0.00088662489212615867 10 0.4942 
56915.2905813249 4.59476e-06 40.965934432544859282 0.00099329644271881285 8 0.3157 
56922.2974152694 4.49333e-06 40.965317070640519342 0.00137782443624455560 9 1.7754 
56929.2921934187 4.87588e-06 40.962978906853046553 0.00091568261696906884 9 0.9232 
56935.1817807816 4.52522e-06 40.967466237537150206 0.00235972771079096151 8 1.0133 
56968.1860828722 4.93005e-06 40.967973033916100515 0.00144484733510967284 10 1.4094 
56976.1560405473 4.94086e-06 40.965020411987456948 0.00197006775888910503 8 2.4097 
56987.1006627819 4.45916e-06 40.967063809780732052 0.00125513838802867217 6 0.4208 
56991.1762634975 4.90492e-06 40.96758989551401408 0.00246921975641580449 10 3.2130 
56998.1027110050 4.87164e-06 40.964839110761460214 0.00115413874277381541 10 0.8084 
57006.0860547791 5.12999e-06 40.969757735595787179 0.00113353527653598809 10 0.7241 
57019.9846561531 5.15143e-06 40.964511842424936018 0.00160635155588436849 10 1.0506 
57026.0339622789 5.11194e-06 40.964379424568917124 0.00225567383028033508 10 3.3226 
57028.0796646022 5.10702e-06 40.966568197664178088 0.00159966519413873190 10 1.1429 
57033.9908961723 5.11986e-06 40.967360560632601417 0.00122711176420545100 10 1.1993 
57040.9797297214 5.10606e-06 40.967740912073680161 0.00153205618065495428 8 1.3345 
57046.9658300468 5.11762e-06 40.967038627696347186 0.00142621510556284947 10 1.6990 
57053.9791295379 5.01494e-06 40.965798913889517448 0.00171609359041470814 10 1.9143 
57055.0510446525 5.06225e-06 40.965479159811330052 0.00133258635804990155 10 1.4878 
57059.9357674557 4.93486e-06 40.966871417513069684 0.00143044690421082052 9 2.1625 
57060.9453118070 5.01708e-06 40.966047225707957279 0.00074451184062920622 10 0.9813 
57066.9266301984 5.04154e-06 40.964762062378307531 0.00111684799320281797 10 1.9488 
57074.8913168828 4.50487e-06 40.968043519216340451 0.00096927272501359904 9 0.5802 
57075.8922553943 5.09966e-06 40.967711987245758513 0.00076854650716109204 10 1.0023 
57087.8434677194 4.54338e-06 40.964887745957716904 0.00112887399002436009 9 0.7580 
57088.8537237475 5.16894e-06 40.965302073092618958 0.00077316979313764929 10 0.8884 
57094.7918990074 4.55413e-06 40.965162353228004647 0.00130427625579702358 9 1.0470 
57102.8689293869 5.00936e-06 40.966905725929069055 0.00076105954015404575 9 1.0530 
57108.8417134892 5.02972e-06 40.968103482808415843 0.00110497541043783109 10 0.7528 
57110.9296418475 5.07252e-06 40.966794695886351245 0.00095124130406909859 10 0.8755 
57117.8019387837 5.08144e-06 40.966251889777591837 0.00059268094471498663 10 0.8255 
57118.7966311968 5.01377e-06 40.966391769091260195 0.00100585219745402622 10 1.1779 
57123.7575754487 5.10969e-06 40.965850109252111646 0.00073597380302362970 10 0.9155 
57131.7567272336 5.11928e-06 40.966402972744386909 0.00084493176649563036 10 1.2410 
57136.7289763335 5.11119e-06 40.966839466157900618 0.00060148463053065048 10 0.5730 
57150.6754304486 5.12706e-06 40.965334465081840416 0.00088202886794267171 10 1.1601 
57158.6892595294 5.11943e-06 40.966202425621326352 0.00068253076307056169 10 0.7706 
57160.6445748113 5.11799e-06 40.965816204761438684 0.00079344573575180631 10 0.9239 
57167.6602845604 4.94253e-06 40.96543354593810109 0.00104757703570412960 8 0.9265 
57172.6714676203 5.10295e-06 40.966487498815992576 0.00089510373997579598 9 1.2320 
57179.6293439775 5.09876e-06 40.966809998154808923 0.00073962603270930169 9 0.6337 
57193.5994353906 5.0805e-06 40.965926590149394981 0.00090482016929021962 9 1.1991 
57199.5415040485 5.10535e-06 40.966143843851719909 0.00070019706139742702 10 0.9310 
57214.5297258163 5.12261e-06 40.966308646603411019 0.00066239970495348560 10 0.8734 
57229.5268568190 5.0957e-06 40.966312009368668429 0.00072895133890304293 9 0.9570 
57235.4933598880 5.11844e-06 40.965991833150601463 0.00053691096368250102 10 0.7212 
57243.4314527116 5.11204e-06 40.965820195707641833 0.00061431658410361655 10 0.9000 
57257.4057372823 5.12673e-06 40.966933596777581211 0.00048738620853563025 10 0.7363 
57264.3602594307 5.15119e-06 40.966863848540097971 0.00036855276221941293 10 0.4325 
57270.3346621526 5.11008e-06 40.964513970228430689 0.00062967496781201845 10 1.0388 
57277.2960075995 5.12067e-06 40.968259034639843221 0.00082535438636743353 9 0.6266 
57293.3349281935 5.13915e-06 40.96571959042890677 0.00058194665099889820 10 0.5766 
57319.1926012772 5.09933e-06 40.966745571852195711 0.00119413381540534567 10 2.4609 
57326.1905796674 5.11626e-06 40.96737798164469747 0.00116081438773280770 10 2.5244 
57334.1769677812 5.1341e-06 40.966629999000391441 0.00064882408050353254 10 1.1740 
57342.1616137187 5.06698e-06 40.965986071501853928 0.00076786719652530350 10 1.5124 
57349.1449490958 5.05653e-06 40.96598962912504175 0.00068949555002358433 10 1.2333 
57354.1231910140 5.07462e-06 40.965725857825575879 0.00095458203329394707 10 2.3899 
57362.1240581745 5.03341e-06 40.966447619766631742 0.00091426719258436205 9 1.9169 
57369.0919343911 5.07598e-06 40.967125165798513303 0.00089861884307468548 10 1.7338 
57377.0813268733 5.03569e-06 40.967703818675801603 0.00049791727147910781 10 0.5529 
57384.0704024781 5.06591e-06 40.967117984772259548 0.00057055805663001110 10 0.9592 
57391.0771050191 5.03524e-06 40.967390426441696878 0.00115891744708170930 9 3.5581 
57424.9160765661 5.10934e-06 40.968210429146652087 0.00059791669677989267 10 1.0619 
57432.9138837561 5.08325e-06 40.967219074631750816 0.00056404988722712820 10 1.0468 
57445.8852558952 5.07615e-06 40.966407326460009326 0.00081251622614507304 10 2.1661 
57451.8392788248 5.1137e-06 40.966886237045964148 0.00073063336113272427 10 1.3037 
57460.9009786790 5.051e-06 40.966330659665756854 0.00118393702327911033 9 3.1450 
57466.7787634962 5.13802e-06 40.966189543497843514 0.00098650286871769174 10 2.0783 
57475.8845556942 5.09145e-06 40.965928350511544079 0.00102547841786456112 10 1.7142 
57479.7726642549 5.11414e-06 40.967767100740159706 0.00089858411873087465 10 1.8391 
57486.7708645945 5.12397e-06 40.967878809617317565 0.00055509772980803698 10 0.8405 
57495.7847996562 5.12074e-06 40.966323670825210958 0.00098789172548003007 9 2.1288 
57501.7380171499 5.11793e-06 40.967668944439215334 0.00049331773716058535 10 0.6415 
57509.7208711939 4.47828e-06 40.96860324986863261 0.00077419702696934030 9 1.1497 
57514.6819326830 5.10945e-06 40.967066734955664867 0.00099691972211857541 10 1.6943 
57523.7010254677 4.47058e-06 40.96742993403956367 0.00127495882450249587 9 0.9035 
57530.6713971016 5.12502e-06 40.966382112547248956 0.00086203570673122306 10 1.0798 
57536.6179043223 5.1305e-06 40.96814000675940835 0.00111997816493377344 9 1.6651 
57543.5934294334 5.10958e-06 40.967269845383404256 0.00062856599060980424 10 0.5904 
57549.5935971270 5.13628e-06 40.967557203406712307 0.00083522006244189488 10 1.2420 
57558.5718976327 5.12593e-06 40.966657408821436255 0.00069119519519674866 10 0.8830 
57571.5412597949 5.13346e-06 40.967832079395428299 0.00066625294485362448 10 0.9473 
57579.5111643566 5.11422e-06 40.968588618133798891 0.00080018118924089548 10 1.0573 
57592.4672494357 5.11642e-06 40.967209840029709722 0.00122311923012762870 10 1.7069 
57606.4555074151 5.12212e-06 40.966143035729261003 0.00105964301986841277 10 1.3153 
57613.4443889814 5.12715e-06 40.966794050133437746 0.00096811191849264610 10 1.3781 
57627.4066042200 5.11206e-06 40.968947458946130748 0.00082559743492133578 10 1.1006 
57634.3595078143 5.13098e-06 40.968700350546975009 0.00083111148136572792 10 1.5611 
57641.3079525371 5.13293e-06 40.968775369765656976 0.00099859362629985799 10 1.5802 
57650.3028204764 5.12003e-06 40.96763900410497225 0.00060041230999200931 10 0.8795 
57656.2829892044 5.15356e-06 40.969294574068181897 0.00063466377062535969 10 0.8195 
57662.2794750190 5.15594e-06 40.968385254745299989 0.00055415932359937704 10 0.5809 
57672.2681839312 5.12073e-06 40.968674061428154997 0.00044908963266913069 10 0.5583 
57679.2712787579 5.13929e-06 40.965579092520738345 0.00106346794297870815 9 1.8369 
57686.2694679210 4.47936e-06 40.967704142393352139 0.00075250032105359974 9 1.0289 
57686.3578923674 4.47742e-06 40.968707888333007937 0.00186130995769840800 9 0.9999 
57698.1763756487 5.21494e-06 40.968788778590747978 0.00084012542259808668 8 0.3473 
57706.1729708454 5.07151e-06 40.967980348674847325 0.00088929086781189184 10 2.7768 
57712.1383236941 5.10079e-06 40.966193682785114784 0.00108824929297097767 10 2.5607 
57719.1235223644 5.07952e-06 40.968422207839501222 0.00063057503765937245 10 0.9775 
57726.1209155989 5.05415e-06 40.968756467116395303 0.00085532605475644222 10 2.0137 
57732.0780565997 5.10603e-06 40.967605094233338413 0.00083952972986741313 10 1.6359 
57741.0501823941 5.08707e-06 40.966835164304225489 0.00087123322532866459 10 1.4948 
57747.0590394970 5.08868e-06 40.967744296379135817 0.00067359771569278830 10 1.0427 
57755.0389920886 5.06161e-06 40.968979297413056447 0.00086168181629013151 10 1.4079 
57762.0376224569 5.03462e-06 40.970153295686321495 0.00121104397895663838 9 2.4065 
57768.9733401573 5.07269e-06 40.967323816571941084 0.00057824193443167728 10 0.3984 
57774.0085944481 5.03803e-06 40.971237095632899495 0.00067901196462837466 10 0.6060 
57782.9707170589 5.06468e-06 40.968192066311820355 0.00059076570206642327 10 0.5312 
57789.9317685460 5.05638e-06 40.969194587461608501 0.00123915610152472194 10 1.5131 
57794.9324276302 5.04922e-06 40.970233612223177316 0.00139119874969744709 10 2.1651 
57802.9112730668 5.11374e-06 40.969718104243777509 0.00099391893281160866 10 1.2015 
57809.8914978542 5.08358e-06 40.970352197581627704 0.00065266352187779840 10 0.6153 
57817.8760520898 5.09457e-06 40.967879539898975939 0.00121328701242344461 10 1.9421 
57823.8342948263 5.10473e-06 40.967356367031369829 0.00096972739910635201 10 0.8743 
57829.8257250123 5.11661e-06 40.970001563249072166 0.00117515668545354148 10 1.5169 
57837.8141827980 5.10451e-06 40.970615626637310342 0.00126969663966209289 10 2.2077 
57843.7939115656 5.11099e-06 40.972098804064602938 0.00088856665470043636 10 0.8754 
57852.7683959889 5.12339e-06 40.97005414213672847 0.00101421279463915527 10 0.8167 
57859.7999607452 4.45135e-06 40.970446955209079854 0.00084152082679514136 9 0.8376 
57866.7382592549 5.11431e-06 40.97096065574857297 0.00068102573971293384 10 0.6722 
57872.7222964922 5.10524e-06 40.970799117235597531 0.00078744573112839720 10 1.0283 
57879.6724015157 5.18513e-06 40.970381185265788815 0.00127430514165357395 10 1.4808 
57900.6611922455 5.10504e-06 40.967470787283257562 0.00073454292868525210 10 0.4532 
57914.5685082697 5.12259e-06 40.972413882557006448 0.00129781427769911717 10 1.1164 
57921.5589233467 5.12225e-06 40.971294994581959087 0.00127843327527576815 10 1.2272 
57928.5650258184 5.11072e-06 40.96979948422607214 0.00107745875632752394 10 1.1393 
57936.5493402334 5.17959e-06 40.969532238480783244 0.00121908737114037797 10 1.6066 
57962.4758122327 5.1286e-06 40.968324046941190893 0.00156902739122286310 10 0.8873 
57970.4359127041 5.12459e-06 40.969665372507780461 0.00120531507804984631 10 1.0591 
57984.4050935948 5.12391e-06 40.972778231899723109 0.00160092482767243676 10 1.2434 
57991.3677449882 5.14462e-06 40.971547889146096091 0.00087008809045279541 10 0.4759 
57998.3149856957 5.1507e-06 40.971860801813240988 0.00170500564075899653 8 0.8858 
58004.4002025782 5.24739e-06 40.967765996570659398 0.00161127788515795446 9 0.2004 
58005.3314497670 5.13846e-06 40.973050599482040101 0.00114709973844903017 10 0.6895 
58011.3116394324 5.13511e-06 40.972159867794185929 0.00215041703378517426 9 1.1811 
58033.2902796210 5.13924e-06 40.969288898102014251 0.00091276113418652203 10 0.5002 
58049.2282029044 5.13244e-06 40.970119225706999763 0.00098219229774399223 10 0.5376 
58049.3192646023 4.46515e-06 40.968423379883359664 0.00181920679712727854 8 0.7762 
58056.2211957829 5.0949e-06 40.971357882024151683 0.00057857000129699868 10 0.3126 
58069.1848404848 4.99588e-06 40.970225541752665101 0.00076203882289357819 10 0.6009 
58075.1524530338 5.00405e-06 40.971107988554616719 0.00142465533237548059 10 1.2041 
58083.0585905909 4.39785e-06 40.974141219357890189 0.00138603879450589426 9 0.4569 
58083.1445507927 4.40046e-06 40.972409364385022183 0.00245428452314791360 8 2.6507 
58083.2302811645 5.16037e-06 40.97117537029236705 0.00188097338636766722 9 0.8948 
58090.1030491133 4.94205e-06 40.968560959414433972 0.00081560795731535740 10 0.3812 
58096.1026708980 4.46176e-06 40.971200111207934966 0.00214495621725257655 9 2.2658 
58103.0288131480 4.89104e-06 40.969358915194997162 0.00188383159720650287 9 1.2660 
58111.0308593784 5.02018e-06 40.971851756269649456 0.00107105736088771819 10 0.8055 
58117.0294186958 4.95911e-06 40.970168228349571404 0.00107931531658276322 10 1.1899 
58123.8839921018 4.4382e-06 40.974146043603663567 0.00306120921426576969 5 0.2764 
58131.9712644556 5.0604e-06 40.972156662238049502 0.00130812851463850193 10 1.0301 
58138.9699231649 4.97758e-06 40.971062477403744916 0.00069805546749079396 10 0.4931 
58145.9728672236 4.46265e-06 40.970020763892128796 0.00098832353344973571 9 0.6982 
58152.9347261919 4.98085e-06 40.9722438987614846 0.00107956289056034623 10 0.9471 
58158.9158975331 5.07577e-06 40.970272137544735149 0.00059184953140169812 10 0.3835 
58167.9080590969 5.05858e-06 40.971780798233960824 0.00109993604470945308 10 1.1663 
58173.8951343526 5.05462e-06 40.970617958661939027 0.00158389626237944977 10 1.9837 
58179.8682991543 5.12942e-06 40.971418078283426009 0.00096616026256242382 10 0.6897 
58187.8843709474 5.03498e-06 40.970796047203284735 0.00110608688580858994 10 1.1591 
58195.8387635934 5.11826e-06 40.970752781620933182 0.00125224468885199326 10 1.3475 
58200.8060589096 5.1228e-06 40.970107010349503012 0.00082467341020113559 9 0.4896 
58202.7832008940 5.1201e-06 40.972094511356361851 0.00133934350437034562 10 1.0707 
58209.7840737047 4.50678e-06 40.972779841972119072 0.00123435868497705605 9 0.7925 
58216.6813510542 4.43084e-06 40.968679209055495167 0.00342295967338544479 4 0.2976 
58222.7755248061 5.11034e-06 40.973423282919458947 0.00087534418341468048 10 0.5069 
58230.7678080090 5.07663e-06 40.97375745468302595 0.00189218103154500158 8 1.6797 
58236.7354634614 5.10432e-06 40.970409982401588191 0.00132877691284883736 10 1.0794 
58244.7042025447 5.11211e-06 40.972156798410761122 0.00152078021771960255 9 1.0203 
58249.6726288812 5.11426e-06 40.970640849143170493 0.00175137807919841198 9 1.1564 
58256.6349451457 5.11278e-06 40.974210749293567248 0.00195915410835761049 10 1.2968 
58256.6987204100 4.46046e-06 40.973033225109377207 0.00270359359201238466 8 2.3869 
58270.6063333502 5.10259e-06 40.970283257220326007 0.00173143357937742787 10 1.4214 
58286.6015962544 4.45906e-06 40.971417895301485427 0.00115436071333164386 8 0.4742 
58299.5490820614 5.11193e-06 40.972825974672561981 0.00079351207805325615 10 0.6024 
58305.4369266967 5.12665e-06 40.973031698795342386 0.00167081647233909762 10 1.5683 
58326.4787438152 5.11591e-06 40.972936243649725054 0.00084017018245167465 10 1.1427 
58340.4435346467 4.36999e-06 40.971888769552778593 0.00160583489926712083 8 0.8746 
58356.3802907109 4.57009e-06 40.971775892778513728 0.00141034612457568965 9 0.8704 
58370.2994360690 4.5787e-06 40.970094788027920783 0.00167588338105369118 7 0.3999 
58385.3256811117 5.13565e-06 40.973114955737929003 0.00108928326787087557 10 1.8815 
58395.2632643749 5.12978e-06 40.973082836724757604 0.00075259980462487818 10 1.1860 
58399.2548663551 5.1362e-06 40.971889556769439385 0.00086333586449214498 10 1.1320 
58399.3286047645 4.47637e-06 40.972554722191007928 0.00107903529929003492 9 1.2805 
58406.2655977063 5.15403e-06 40.972771804594679133 0.00062126837416825358 10 0.9991 
58440.1790579421 4.95042e-06 40.973290228160859791 0.00087622965588344463 10 2.6261 
58443.1518928135 4.93869e-06 40.972609882328660545 0.00106964531449797056 10 2.3235 
58450.1239546147 4.91108e-06 40.972338283174626745 0.00080653437565158127 10 1.8045 
58456.1161021030 4.45123e-06 40.973303781356100201 0.00095274604951563712 9 2.1548 
58464.1105173781 4.44331e-06 40.972589080576943869 0.00097449218953539897 9 2.0300 
58471.1109200580 4.47335e-06 40.972087768515219258 0.00068865826427320963 8 0.9375 
58477.0756689475 4.46247e-06 40.973105892478385512 0.00070842793285890804 9 1.6636 
58484.0547783526 4.44152e-06 40.973648751929102805 0.00060033932979995284 9 0.7673 
58492.0177858453 4.2869e-06 40.974187278801870608 0.00109599374377924367 8 2.4736 
