#_MJD RANGE DM DMunc nToA chisq
56531.3871990977 2.09855e-06 19.474727011795437722 0.00038402013514933720 10 3.0599 
56537.3639478221 2.1597e-06 19.47516249228755553 0.00032412911029345014 10 6.1799 
56539.3638492524 2.13474e-06 19.474783453284161947 0.00037389714838120119 10 8.6022 
56542.3697502899 2.1345e-06 19.475050307461401542 0.00015154272282821160 10 1.7582 
56566.3304093779 2.15918e-06 19.475045244669754242 0.00011666290666893604 10 1.7244 
56570.3331381251 2.18721e-06 19.475147987714757305 0.00021592699877639153 10 4.8934 
56575.2557743163 2.14901e-06 19.475106136624218453 0.00021430814241610069 10 7.5146 
56582.2756423250 2.15683e-06 19.474995118947250649 0.00025285305200352203 10 6.2426 
56608.2000428692 2.1644e-06 19.475339120633562564 0.00017219445720789107 10 2.9623 
56615.1708154046 2.18442e-06 19.475430973285752444 0.00015484188996406809 10 3.3166 
56651.1023704987 2.17275e-06 19.475457522759702329 0.00046533632539857810 10 5.4777 
#56653.0229073897 2.21562e-06 19.475230778165545787 0.00050811993184778515 10 6.9275 
#56673.0737673615 2.17013e-06 19.475536010216866345 0.00058418193787667283 10 4.6913 
#56687.0364142694 2.13032e-06 19.476099531228493566 0.00077229616794562226 9 3.0898 
56693.9821243385 2.11263e-06 19.475142129369019756 0.00056874840088604560 10 3.0757 
56700.9291932385 2.19186e-06 19.475626310342374998 0.00036362529882582711 10 7.6653 
56700.9915483010 2.15377e-06 19.475260780085947935 0.00042641895158182925 10 1.9665 
56713.8854217548 2.19767e-06 19.475280531824704169 0.00029757395152726869 10 15.9956 
56723.8570005102 2.49927e-06 19.475342341892418075 0.00030473117049239535 10 9.4892 
56724.8400710203 2.17302e-06 19.475104222351206513 0.00026349619098457895 10 5.3541 
56725.8980667505 2.14666e-06 19.475125278275330397 0.00046311672396203666 10 3.7518 
56730.8777510970 2.18281e-06 19.475312791664114229 0.00034085910471941234 10 12.7988 
56732.9041035435 2.23374e-06 19.475412998519587397 0.00060621738642429419 10 9.1898 
56737.8153175587 2.25955e-06 19.475271473255707884 0.00023302556073058413 10 7.8844 
56738.8167067156 2.18073e-06 19.474955664728580446 0.00022269063657693510 10 7.7902 
#56738.9047340598 2.17673e-06 19.474787309113692586 0.00068879375097371566 10 11.4341 
56744.7756731583 2.11481e-06 19.47545431086154211 0.00017507631447656472 10 3.1322 
56746.8778114637 2.17091e-06 19.474930264796273278 0.00045351376367549280 10 6.5115 
#56753.8860728150 2.18542e-06 19.476387099946895032 0.00089423557568250834 9 2.1543 
56758.7023755334 2.15349e-06 19.475503759097190727 0.00017800327921014441 10 2.1154 
56759.7277391779 2.15429e-06 19.47510260846569417 0.00027438977972171400 10 8.0795 
56760.8356400793 2.12661e-06 19.475335034480609344 0.00027144774636348059 10 1.8109 
56766.7482637376 2.12142e-06 19.475582851636526157 0.00021286312245312819 10 3.4248 
56767.8088993154 2.1494e-06 19.475295647560817824 0.00039144675507439796 10 2.1287 
#56772.7092571798 1.69587e-06 19.477892328527885631 0.00173691953520246434 4 1.8531 
56774.7759458109 2.14289e-06 19.475122330735115681 0.00025977238220312415 10 0.7999 
56779.7062449888 2.15885e-06 19.475244174773836115 0.00024524227201211087 10 4.5061 
56781.7958360939 2.1641e-06 19.475401676314718353 0.00072248338465395637 10 6.2971 
56786.6774760431 2.07336e-06 19.475639420638466691 0.00033539546123071085 10 7.8807 
56787.6758039807 2.11845e-06 19.475510258907924616 0.00018653245709989677 10 1.7205 
56788.7297639291 2.15789e-06 19.475429212159363066 0.00056206102158980382 10 5.5541 
56800.6430121767 2.37267e-06 19.475814713551561269 0.00023087531842149632 10 2.5945 
56807.6215577834 2.19671e-06 19.475499759629269086 0.00020746116025475590 10 1.9440 
56809.6200367911 2.19841e-06 19.475282798577317514 0.00069849173754047713 10 7.2826 
56817.6089594288 2.12654e-06 19.475276288635209643 0.00019833851924924169 10 6.8555 
56822.4937387870 2.12378e-06 19.475640375142994702 0.00035615777116346632 10 1.8021 
56830.6434993736 2.12362e-06 19.47527685121012378 0.00020816974962039879 10 2.7900 
56837.6497412554 2.05128e-06 19.475087525985408755 0.00077735830168437162 8 0.9624 
56842.5354293847 2.14968e-06 19.474682919148365676 0.00057044207232935745 10 22.2426 
56844.5943904094 2.13024e-06 19.47505441240228914 0.00021100119300221238 10 13.0424 
56851.5588218166 2.14161e-06 19.474995216609343457 0.00015070275266251251 10 6.2516 
56858.5834592790 2.14339e-06 19.47487002931383364 0.00024093173353936792 10 14.1636 
56865.5147021280 0.0239371 19.475008488791164654 0.00022675800346331113 20 23.3721 
56871.4631105893 2.12485e-06 19.475132811425416277 0.00016652459190190131 10 7.3248 
56878.5048265040 2.12829e-06 19.474513318324093941 0.00052005206953430454 10 3.4263 
56879.4627210422 2.12475e-06 19.475401445273780953 0.00024483341266427847 10 12.8667 
56893.4222054318 2.13302e-06 19.475459167655296151 0.00015654168860662523 10 8.1721 
56893.4918023867 2.10162e-06 19.475323886691771875 0.00035341446425482656 10 2.2641 
56899.3694524597 2.19043e-06 19.475040068354821134 0.00052413282640517223 10 6.5495 
56900.3580740285 2.12863e-06 19.475548467503343833 0.00015861708938265742 10 7.8144 
56906.3541389516 2.15716e-06 19.474915106958449297 0.00025619500592757025 10 3.4828 
56907.3472102340 2.12179e-06 19.475410726687617954 0.00015802658914619688 10 14.1490 
56914.3197963181 0.0228422 19.474501487572239122 0.00053898143733525298 20 182.7043 
56927.2745464063 0.00517931 19.475443783691899794 0.00051478137932068745 20 193.2405 
56936.2162420291 0.00224375 19.475521116269340313 0.00087529999812762163 20 500.2055 
56941.2640192912 2.12285e-06 19.475868895804407955 0.00012999674920713246 10 4.9826 
56942.2738385621 2.13661e-06 19.475558588906732622 0.00017280815593217536 10 4.0889 
56955.2270912338 2.15182e-06 19.475680670024747506 0.00016394928139443408 10 6.9720 
56957.2119083013 2.15456e-06 19.475815860753890454 0.00020068548752344626 10 12.3655 
56969.2087471850 2.14403e-06 19.475681586374420011 0.00021925419114858006 10 14.6855 
56985.2875887886 2.1373e-06 19.475508510203984183 0.00011599318241864818 10 1.6287 
56987.1664439250 2.17789e-06 19.475655511919968323 0.00019239554833530855 10 8.1310 
56990.1814270822 2.13767e-06 19.475541903505655259 0.00024513809767952560 10 24.7494 
56992.1683617060 2.18041e-06 19.475489445519147621 0.00024234665224917741 10 19.7988 
56998.1304191011 2.17249e-06 19.475579084580569378 0.00016603894637140642 10 19.5537 
56999.1046901219 2.18826e-06 19.475622748082947163 0.00015068954196467051 10 13.0020 
57005.0898206830 2.21293e-06 19.475638400394115909 0.00013465094945419267 10 8.8609 
57011.0718846891 2.18617e-06 19.475600067133081842 0.00012816393673649581 10 9.2446 
57013.0764357778 2.21505e-06 19.475533550220166551 0.00017382849239740470 10 10.8363 
57018.0708214266 2.18993e-06 19.475599426848984489 0.00016088586416323407 10 6.9991 
57019.0600927103 2.18329e-06 19.475754308574934771 0.00016833842575691811 10 9.5811 
57025.0206700769 2.2202e-06 19.475642834986378268 0.00019571940277237081 10 10.8552 
57027.0651800889 2.17359e-06 19.475648674547360257 0.00019452921607648863 10 16.8409 
57028.9730800009 2.16298e-06 19.47558637694859025 0.00016337329347356218 10 10.0406 
57034.0139707827 2.18084e-06 19.475812934685185708 0.00026971034160421962 10 46.4693 
57038.9899673016 2.23076e-06 19.475543750997942547 0.00016888493620064891 10 17.5003 
57041.0172857783 2.17272e-06 19.475647333410581435 0.00017914056296092950 10 22.3831 
57047.9981518662 2.20455e-06 19.475745658445881609 0.00018304844237052389 10 10.3514 
57052.9584607009 2.20473e-06 19.475850106085925345 0.00014865403247081650 10 4.2437 
57061.9542781605 2.18091e-06 19.47576693283843257 0.00019117795616436237 10 7.7292 
57066.9241815322 2.19697e-06 19.475744978354905278 0.00023890491402480936 10 21.1455 
57075.9166665974 2.18359e-06 19.475735096277000339 0.00019082110687722398 10 13.3301 
57088.8574288248 2.17458e-06 19.475585076591942916 0.00019455052053543167 10 10.0110 
57096.8752044559 2.16814e-06 19.475638749523214216 0.00024266458715360511 10 20.4601 
57116.7724392674 2.14348e-06 19.475775655461969326 0.00026554116170509132 10 26.1807 
57138.7999367499 2.14368e-06 19.475561131840160684 0.00015039524948932929 10 6.3484 
57151.7213173211 2.1142e-06 19.475621621355963491 0.00015494770352791545 10 5.9959 
57157.6578021299 2.12955e-06 19.475553040066758234 0.00015088907680496866 10 9.0438 
57160.6534936878 2.12096e-06 19.475450054512959634 0.00010924877703043612 10 4.4216 
57165.6886386107 2.10834e-06 19.475638165152612796 0.00020924129309080134 10 9.6375 
57172.6756005985 2.11527e-06 19.475427830562710865 0.00019320861737643109 10 10.9284 
57187.6616279001 2.13903e-06 19.475775627600937235 0.00019970558459029067 10 6.7029 
57192.5548237825 2.13079e-06 19.47555671832787502 0.00014736299845350182 10 3.1228 
57200.4778225428 2.129e-06 19.475696940786591881 0.00020132085325894335 10 3.8090 
57201.4808547191 2.13731e-06 19.47570725874856378 0.00018229045084697072 10 2.4875 
57201.5692223731 2.12005e-06 19.476441563359631899 0.00042909635132578272 9 1.0884 
57206.5402481423 2.13626e-06 19.475596045098017277 0.00028889480228862615 10 10.5157 
57215.5833264165 2.13369e-06 19.475188762844619637 0.00020434019778248566 10 5.2068 
57229.4999393887 2.1156e-06 19.47473480208872691 0.00025580993501067746 10 2.1720 
57234.4546693018 2.12361e-06 19.474595889962653748 0.00018643498202019937 10 15.3146 
57243.4699518160 2.15926e-06 19.475202154949257761 0.00027278988551708702 10 18.9444 
57256.4135308353 2.16725e-06 19.475721527215680614 0.00016641905709774757 10 6.7086 
57264.3895738529 2.14493e-06 19.475836703817157076 0.00020467829168906041 10 6.8310 
57270.3675625778 2.12761e-06 19.47590606569277197 0.00022255643360551182 10 8.6614 
57278.3594623855 2.1325e-06 19.47589304785768468 0.00020878144369997819 10 4.6917 
57281.4112164649 2.12781e-06 19.475873980685191676 0.00023762823571443664 10 3.1072 
57293.3266760606 2.11021e-06 19.476088973036426163 0.00017061360307926373 10 2.3059 
57298.2971163904 2.12539e-06 19.476051690816001922 0.00022364104940724133 10 10.7708 
57313.2699983037 2.12017e-06 19.475878042522173098 0.00016344299371121956 10 6.6479 
57335.2280228879 2.12686e-06 19.476184374959332506 0.00017842797437599587 10 3.3485 
57340.1383660550 2.18204e-06 19.476396587452172763 0.00015783530199100699 10 3.7860 
57347.1581785462 2.15296e-06 19.476115254893542516 0.00012429236168283217 10 1.5402 
57382.0583457036 2.18889e-06 19.475970253773932237 0.00011810558146757503 10 3.2540 
57390.0595842129 2.1899e-06 19.476039773478900844 0.00020828296275509560 10 8.2183 
57403.0172788730 2.2009e-06 19.475765356563686946 0.00014510159448218350 10 4.4481 
57425.9965969625 2.06286e-06 19.474613824015727281 0.00017780716087584009 4 0.5847 
57430.8968699940 2.17064e-06 19.475802963346355964 0.00016916412382547450 10 7.7484 
57437.8624144336 2.13359e-06 19.475839223594838195 0.00020759070404663985 10 6.5263 
57451.8082650155 0.0234105 19.47559268736117925 0.00049540205762003367 20 74.2080 
57465.8200704074 2.17353e-06 19.475423826208077521 0.00021371691258126161 10 29.2996 
57474.8769696482 2.1774e-06 19.475380853490092218 0.00015664240818123875 10 14.3541 
57487.8202059747 2.15272e-06 19.475331117442932594 0.00012496711028695703 10 6.6077 
#57490.7478846723 0.00522631 19.475290195272543001 0.00093402452125818753 30 791.4242 
57507.7185896601 2.13015e-06 19.475322662919031077 0.00021559447262133185 10 12.4156 
57516.7086235106 2.12518e-06 19.475384264772481073 0.00020202603044216204 10 9.5096 
57528.6386436415 2.13058e-06 19.475227484758775926 0.00016322014608736529 10 3.7909 
57536.6457777127 2.11318e-06 19.475405634753286496 0.00018098052266147090 10 4.5860 
#57543.6868596206 1.90566e-06 19.475692134066906776 0.00319456450613302394 4 4.9758 
57558.6051108393 2.13667e-06 19.475049777867452158 0.00022994637766199878 10 4.6353 
57570.5332644950 2.12422e-06 19.47467372562780241 0.00025456455072730999 10 24.1006 
57578.6140152491 2.12882e-06 19.474451583508797627 0.00023363737611716554 10 19.5633 
57593.5329387170 2.1154e-06 19.473620214017664892 0.00012919523819702094 10 5.6340 
57599.5083172634 2.11746e-06 19.473979441032479968 0.00021317346319507069 10 19.8453 
57607.4523841979 2.12996e-06 19.474277532169428216 0.00027211378080622554 10 31.3584 
57613.4864159370 2.13881e-06 19.474491773209002283 0.00017319285338682143 10 11.8140 
57628.4352887463 2.13105e-06 19.474921212971062726 0.00017990390633842358 10 5.9423 
57680.2349357184 2.14089e-06 19.475008487585784338 0.00014860975175941379 10 7.1158 
57686.2095760469 2.15506e-06 19.474881574711285351 0.00017240775220044087 10 12.3925 
57698.1897147191 2.17093e-06 19.475144551158772353 0.00016176889082379148 10 8.9919 
57706.1757059925 2.1778e-06 19.475231418007363189 0.00024403011523213547 10 26.0251 
57711.1023648573 2.2339e-06 19.475172375254612717 0.00015920478860970312 10 6.2916 
57711.2257449678 2.22072e-06 19.475173761435512569 0.00030149164144081553 10 2.3451 
57712.0745069127 2.21684e-06 19.475443178807806654 0.00029639578481851619 10 7.4270 
57712.2023028029 2.14018e-06 19.475073254540802277 0.00042139027523388815 10 27.8744 
#57712.3244240710 2.14996e-06 19.475143649107301587 0.00116546625580829272 10 19.7270 
57718.1172510038 0.0169709 19.475595856622962243 0.00083633969567945585 20 432.7400 
57718.2228217956 2.19462e-06 19.475601227377076453 0.00031279711673871187 10 18.9191 
#57718.3273667832 1.9411e-06 19.47796202016184665 0.00143331782782158594 9 8.5751 
57719.0746101926 2.20474e-06 19.475867299706329922 0.00062946445757070121 10 21.4595 
57719.1999870883 2.16617e-06 19.474721356552472704 0.00040045948105087002 10 16.1995 
#57719.3251611460 1.92164e-06 19.473970263510606164 0.00171768504527555527 8 9.4739 
#57720.0739651773 2.21761e-06 19.473858032666363177 0.00050932132066444495 10 16.3262 
57720.2012092024 2.14003e-06 19.475189260775044761 0.00032396461551450025 10 12.4054 
#57720.3135775206 9.61005e-07 19.474173721077231073 0.00104669744284952536 5 2.4662 
57725.1008973159 2.2031e-06 19.475052282467869839 0.00027221727454271256 10 8.3190 
57725.2245124081 2.15906e-06 19.475222541066845847 0.00032149502383718693 10 9.8104 
#57725.3286282201 1.87047e-06 19.474615492375553116 0.00328615038183172406 6 13.2318 
57726.0742432899 2.20852e-06 19.475053355365923651 0.00028915348112597825 10 11.4175 
57726.1997562084 2.20488e-06 19.475379319494727674 0.00021446615289971488 10 9.1257 
#57726.3256868421 2.18219e-06 19.476200808537205167 0.00086589621044478985 10 15.1269 
57727.0743548352 2.21062e-06 19.475117159254625512 0.00024209286294822968 10 3.6881 
#57731.9762473758 9.97341e-07 19.476702416069872958 0.00047508686353680255 4 3.1146 
#57732.1048791379 0.00267684 19.476285819051225716 0.00096797093155389681 20 209.5800 
57733.0738205736 2.23652e-06 19.475518950788449276 0.00018034042046302309 10 9.0112 
57733.2002926117 2.22833e-06 19.475391656483464238 0.00018795013073078347 10 6.2924 
#57733.3249284699 2.23355e-06 19.475173954815997399 0.00052366243566959961 9 5.4893 
57734.0690150585 2.23973e-06 19.475849631229126465 0.00024992261376419878 10 0.9972 
57746.0432861091 2.19134e-06 19.475287495463690401 0.00021340806588075476 10 14.9157 
57752.9809532598 2.20971e-06 19.475450948086353445 0.00016623360661550016 10 5.8573 
57753.1012011988 2.2383e-06 19.475411186724213654 0.00014062726604872100 10 3.6535 
#57754.0634601109 0.0141127 19.475749876417624449 0.00147562948662674390 20 1097.3919 
#57754.1962404882 2.19614e-06 19.476835581343416675 0.00195178481706615630 7 11.7078 
57755.0782374649 2.22633e-06 19.475303350354189316 0.00017452860905070326 10 10.9738 
57755.1960167368 2.00059e-06 19.475336831531919404 0.00064860025597607773 9 11.7727 
57762.0314286917 2.18454e-06 19.475172902854379213 0.00013529775457261621 10 6.3331 
57766.9934015867 2.20373e-06 19.475017797831580249 0.00021280845214334914 10 17.8670 
57782.0690446755 2.17764e-06 19.475235444212072144 0.00029526756212101281 10 22.8425 
57802.9135079064 2.17586e-06 19.474979247564919362 0.00010952051389717954 10 4.1532 
57815.8845887368 2.17327e-06 19.475034774033735181 0.00017326555993459511 10 11.4776 
57824.8507529315 2.16926e-06 19.475267439900660244 0.00010734548998345150 10 2.1797 
57830.8381620168 2.17773e-06 19.475153484905045219 0.00021016598599359683 10 5.7249 
57837.8585640808 2.1645e-06 19.475034131873082074 0.00015582899848752023 10 3.8125 
57843.7963491995 2.1531e-06 19.475039885369479624 0.00015347125212931560 10 2.9501 
57851.8061890154 2.15401e-06 19.474826603732726 0.00024717659188801391 10 2.3288 
57859.7544877054 2.15115e-06 19.474421945637268007 0.00031272040560545564 10 2.0199 
57864.7459088103 2.12048e-06 19.474776147386300909 0.00034192561560624071 10 2.2696 
57873.7475809900 2.12572e-06 19.47459259063531449 0.00018285847973759968 10 8.6763 
57879.7143828201 2.10737e-06 19.474557702687424268 0.00019548572710509552 10 15.3905 
57885.6688794711 2.12887e-06 19.474929852874362308 0.00017186624128301355 10 11.1938 
58072.1677756866 2.18489e-06 19.474064050660505533 0.00014334233908886126 9 7.8118 
58075.1798903743 2.17451e-06 19.474112285302380636 0.00018822499422429978 10 14.1587 
58089.1606673824 2.19031e-06 19.474082416748625135 0.00014355935850351550 10 6.1650 
58091.1320160963 2.15995e-06 19.474125275506675582 0.00017310268205700721 10 7.4610 
58096.0962639790 2.19436e-06 19.474043318334927471 0.00019728129569886006 10 14.3245 
58104.0745754471 2.18692e-06 19.474326169803810517 0.00020242238572055904 10 11.6127 
58111.0659681802 2.19866e-06 19.474125476214823531 0.00016090083351329989 10 10.3105 
58117.0450718121 2.21102e-06 19.474147392744236697 0.00015121958967459289 10 10.4621 
58124.9934710547 2.19981e-06 19.474140096911853434 0.00018916630782169538 10 10.6230 
58138.9359774186 2.15182e-06 19.474098247604351273 0.00020120138741495705 10 1.2076 
58144.9457344038 2.21321e-06 19.474070925124185215 0.00014154308593487979 10 7.3865 
58153.9396042362 2.20874e-06 19.474212504843673515 0.00025615162764921909 10 9.9650 
#58159.9338474889 2.26533e-06 19.473952073148107316 0.00024233435935687669 10 7.0575 
58172.9051630123 2.14658e-06 19.474539245351366053 0.00021062231066698841 10 8.9286 
58173.9105815912 2.19804e-06 19.474043692167206775 0.00018791075397889739 10 1.3095 
58179.8756009153 2.15805e-06 19.474411051872597795 0.00013885084640392930 10 3.7524 
58181.8596967443 2.19782e-06 19.474051153352932636 0.00015759380291090861 10 6.2653 
58186.8579027196 2.24821e-06 19.473563205262562105 0.00033710660434247916 10 12.0932 
58186.9240375531 2.164e-06 19.474020098983199903 0.00024622345228774058 10 4.9037 
58193.8324311137 2.13358e-06 19.474193313608219652 0.00018380785243312994 10 6.3724 
58195.8583522841 2.19149e-06 19.474056549803161092 0.00018995011838300678 10 8.1579 
58200.8072305919 2.12741e-06 19.474131755106250002 0.00027373243367911947 10 22.3898 
58201.8092605177 2.18704e-06 19.474160497886202873 0.00019565902227317299 10 10.0118 
58208.8217102422 0.0151004 19.474165344818203596 0.00014351691627262846 20 8.7505 
58216.7862117890 0.00235474 19.474004427883774251 0.00018123464233409580 20 16.5846 
#58221.7684411601 1.92466e-06 19.473196027341117485 0.00078689506724016788 8 68.8428 
58229.7090837662 2.24224e-06 19.473690871061097035 0.00029461204076221617 10 13.4255 
58229.7941147775 2.17709e-06 19.473872821871028065 0.00029270874586574675 10 29.4165 
58235.7521493945 2.1225e-06 19.473907695212572366 0.00023047239485045681 10 16.4209 
58237.8314853788 2.19042e-06 19.473884208338481784 0.00036399836573149401 10 26.4816 
58243.7096225487 0.000370753 19.473968019224080021 0.00011737559683594024 20 11.8782 
58255.5551486066 2.18502e-06 19.473902477347650432 0.00026051617703582179 10 12.3360 
58255.6588089816 2.19371e-06 19.473749039809645601 0.00019409795496372811 10 14.9738 
58255.7588883263 2.19033e-06 19.473820204605059142 0.00022883478472929877 10 15.7087 
58265.5470192565 2.22781e-06 19.473579886728006693 0.00016249734332640084 10 5.8014 
58265.6413362181 2.20423e-06 19.473801418085786163 0.00015505570101530155 10 9.4349 
58286.6141458984 2.19555e-06 19.473809105331973105 0.00016436413367309458 10 3.5520 
#58300.5444326657 2.2376e-06 19.474652952467416588 0.00058266056373243208 9 4.8063 
58307.5359843928 2.21383e-06 19.47366048106231637 0.00017814066014216641 10 4.6720 
58314.5226868799 2.1993e-06 19.472887337673934148 0.00024688795515743654 10 9.0810 
#58324.4396049164 2.14766e-06 19.472145136377958477 0.00026903950050375584 10 4.1088 
#58326.4894627198 2.1861e-06 19.472142476917451768 0.00025840021039978689 10 5.9831 
58341.4436685003 2.2111e-06 19.473148146622107867 0.00023257925874616979 10 6.1781 
58356.3845495049 2.20017e-06 19.473623915316883875 0.00022173409192078480 10 5.5114 
58370.3610019608 2.16985e-06 19.473260651028222271 0.00023066726041932019 10 7.2103 
58385.3203605781 2.18266e-06 19.472932265113469572 0.00012362570786860944 10 3.5386 
58394.2911527030 2.15583e-06 19.473132430946002354 0.00018181807100918875 10 6.6903 
58398.2955127176 2.17554e-06 19.473328165515894567 0.00015071627281674246 10 3.4396 
58404.2805665452 2.19234e-06 19.473383678044952075 0.00017624485928882951 10 4.3951 
58408.2753704862 2.16637e-06 19.47323074289973838 0.00022287215668723016 10 6.8302 
58433.2295546043 2.14021e-06 19.472875583668576831 0.00015754403964303188 10 9.3598 
58433.3157913105 2.15775e-06 19.473129463205928115 0.00036625347937896603 10 17.9942 
58433.3688954832 2.16323e-06 19.47320005152314514 0.00046751427418434974 10 2.5836 
58439.1932030216 2.25629e-06 19.472937068460466684 0.00014949751609745626 10 3.6024 
58443.2780173457 2.18728e-06 19.473183849214564861 0.00027344006767995855 10 11.3051 
58456.1202553754 2.21332e-06 19.473298624431014055 0.00019997372413015663 10 9.1283 
58456.2075131245 2.21143e-06 19.473257843653562741 0.00021915978768964438 10 6.5246 
58464.2485097202 2.20538e-06 19.473212226951660282 0.00045017854127526254 9 16.1916 
58471.1557999265 2.21368e-06 19.47309940163398944 0.00026254435173476103 10 23.8532 
58477.0657763456 2.19872e-06 19.473028761630092902 0.00014918972020044855 10 24.7769 
58485.1342652090 2.20624e-06 19.473163841911780297 0.00026026561815076064 10 44.7866 
58492.0664596557 2.21314e-06 19.472942401053771569 0.00019703348090842224 10 26.4780 
58492.1331467812 1.99449e-06 19.473080370658362063 0.00037928297705807636 9 50.0050 
