#_MJD RANGE DM DMunc nToA chisq
56543.8122969413 2.10787e-06 12.443526738950010773 0.00033675295126865603 4 1.0238 
56565.7680262012 6.95644e-06 12.443102875012153024 0.00014536312150310974 10 0.7342 
#56574.7660279566 6.5738e-06 12.443704527220653862 0.00041080122148542611 9 2.4273 
#56600.6865222936 6.58598e-06 12.443463441838756099 0.00042517320370130283 8 1.9089 
56614.6309413882 5.86513e-06 12.443143225360021632 0.00043233703472598427 7 1.1306 
56671.4462200667 6.94852e-06 12.443302457368104599 0.00034729007503435930 9 1.7182 
56678.4098008713 6.95969e-06 12.443671557614072398 0.00037439222949726080 9 1.0713 
56714.3890382943 5.88659e-06 12.443576076050131874 0.00023428387415436435 8 0.5599 
56724.3465410088 6.55801e-06 12.443459976139187344 0.00032545890483117606 9 1.4791 
#56731.3714300133 6.95419e-06 12.443497740413458686 0.00029017002101109930 10 1.7589 
#56732.3562687948 7.03205e-06 12.442805019187191901 0.00024045493990679790 10 1.2163 
56738.3077109336 6.95101e-06 12.44312138996933267 0.00013230473338339224 10 0.5933 
56745.2679555025 6.95891e-06 12.443603603330100251 0.00023627663128728991 10 1.3360 
#56752.2855850722 6.95897e-06 12.443042628913229557 0.00039040958990505052 10 2.6769 
56753.2590854606 7.03268e-06 12.443537402572832426 0.00022034068656060529 10 0.7481 
56759.1943691145 6.95252e-06 12.443359047380977359 0.00027116856756456904 10 1.7437 
#56760.2236623503 6.5757e-06 12.443431043551603159 0.00022532683529358390 9 0.9436 
56766.2867518905 5.86407e-06 12.44308731618505673 0.00023692852542678481 8 0.4912 
56774.1971551287 7.03277e-06 12.443390928404316865 0.00024419847202126544 10 1.4848 
56780.1979600570 6.95558e-06 12.443574353064446134 0.00010431322994252736 10 0.3943 
56781.1995992376 7.03118e-06 12.443677918480918878 0.00014609216486813765 10 0.5918 
56787.1707494658 6.95522e-06 12.443360679575209025 0.00026340069021755103 10 2.8649 
#56788.1720358997 5.9666e-06 12.44262852791888577 0.00035640761095795506 8 1.3564 
#56794.9243191812 5.96537e-06 12.443952857721128306 0.00054583965234871758 6 1.3443 
56801.1381174110 6.95095e-06 12.443747498169457471 0.00016011053666262722 10 0.9909 
56802.1381578811 6.63132e-06 12.443347054281562875 0.00019462620085209672 9 1.1807 
56809.0665579107 7.0242e-06 12.443283230443007123 0.00020906756952879043 10 1.1355 
56821.9976530774 6.95773e-06 12.443370417691841092 0.00014447995359098998 10 1.0900 
56830.1091590272 6.95567e-06 12.44355491630708273 0.00011805348755920880 10 1.3565 
56837.9182552603 6.95458e-06 12.443351790996966187 0.00016635560395476622 10 3.0868 
56838.0022217221 6.95694e-06 12.443321065948232671 0.00007829353272044026 10 0.6976 
56838.0644575372 6.95513e-06 12.443413998186394044 0.00011960718104310590 10 1.2163 
56838.1271422328 6.95383e-06 12.443155976682034293 0.00013324522737988035 10 1.8444 
56844.0542534622 6.95774e-06 12.443193155661841435 0.00007497625850135534 10 0.7086 
56851.0148820328 6.95766e-06 12.443298370345491083 0.00009854295657500673 10 0.8803 
56858.0447240588 6.95483e-06 12.44335065417042994 0.00006393780307522911 10 0.3434 
56866.0319830297 6.95718e-06 12.443487828984310552 0.00011066432154295210 10 0.9965 
56873.0020039407 6.95738e-06 12.443372801146757968 0.00014524890433157756 10 1.1714 
56879.9893552565 6.95714e-06 12.443234410609087007 0.00014142403613254321 10 1.1560 
56892.8971806280 6.95924e-06 12.443533979927184599 0.00007929587195859679 10 0.5061 
56900.8810960053 6.95283e-06 12.443537010793023551 0.00007899726608548495 10 0.3883 
56905.8734044040 6.95862e-06 12.443452120382684923 0.00011747583766314037 10 1.0624 
56914.8568244234 6.95502e-06 12.44355662717971248 0.00008289771019412913 10 0.6282 
56921.7898229279 6.96124e-06 12.443395211583488397 0.00010313808835801756 10 1.3431 
56927.8026950573 6.95418e-06 12.443355652356250001 0.00007688755277937315 10 0.6512 
56934.7138219635 6.95743e-06 12.443507762837886547 0.00009445979857013162 10 0.8771 
56941.7044961002 6.9555e-06 12.443620448777699648 0.00016851778244167601 10 2.0054 
56969.6906442252 6.96056e-06 12.44359544016164966 0.00008050334609899373 10 0.5815 
56975.6511583093 6.96164e-06 12.443819980322069577 0.00004616841459868503 10 0.1563 
56981.6833519951 6.96336e-06 12.443979008958819494 0.00021698804962988765 10 3.0646 
56987.7158155792 6.9586e-06 12.443746573746370416 0.00019292929017442905 10 0.9585 
56991.6626122433 6.96061e-06 12.443872244394581311 0.00023433598071483357 10 2.4164 
56997.6153572451 6.96239e-06 12.443397797265784227 0.00014493450820510372 10 1.6033 
57003.5895534224 6.96244e-06 12.443607717862705381 0.00005188725721881507 10 0.2467 
57012.5560485563 6.95656e-06 12.443565200611092282 0.00011128019430505988 9 1.2280 
57013.5593526847 6.96165e-06 12.443689310962253906 0.00009257136008968533 10 0.9864 
57017.5742600833 6.95969e-06 12.443811181607625813 0.00011079980349368284 10 1.1254 
57019.5213793929 0.0162516 12.443463693651740718 0.00014725319153052036 20 3.2835 
57025.4832393785 6.96025e-06 12.443750926229446706 0.00012148923304278765 10 1.6355 
57040.5105632046 6.95926e-06 12.443934646637584897 0.00012031919638182120 10 1.4911 
57045.4512563980 6.96045e-06 12.443755888809769023 0.00014888749225180832 10 1.9202 
57053.4270374817 6.95907e-06 12.444086985162204081 0.00010845900280267487 10 1.1478 
#57061.4118256685 6.95871e-06 12.444626069358643359 0.00008577249447291528 10 0.4682 
57075.3541581347 6.9599e-06 12.444103782510227279 0.00017001395332593631 10 1.6432 
57090.3406629776 6.96408e-06 12.443899931311109773 0.00015397843126785729 10 2.1281 
57096.2966687122 6.95654e-06 12.444229533670533836 0.00008733662141684252 9 0.4680 
57103.3088813634 6.9583e-06 12.444196292510315082 0.00011054947966227592 10 1.0675 
#57111.2844328257 6.95933e-06 12.444585522194380356 0.00011923922089801814 10 0.8434 
57123.1631997881 6.95419e-06 12.444177234131318171 0.00005209477600194972 10 0.3421 
57132.2479746890 6.96166e-06 12.443913865289672111 0.00006977695452169930 10 0.5148 
57139.2546646166 6.96108e-06 12.444159465102336796 0.00010972201469281723 10 1.1422 
57152.1753741744 6.96588e-06 12.444021583510434073 0.00009523542367474327 10 0.7959 
57158.1386472292 6.96622e-06 12.444011129438874159 0.00007918074639054957 10 0.4695 
57164.0936449504 6.95118e-06 12.443315181069957984 0.00006280895973518690 10 0.5210 
57165.1145628575 6.96543e-06 12.443753159008905882 0.00008077710286311194 10 0.6578 
57172.0796939052 6.95852e-06 12.443670502454880783 0.00007517227496874302 10 0.6927 
57181.1292103141 6.97264e-06 12.443690793388819582 0.00012016886457426494 10 1.6831 
57193.0343229587 6.96118e-06 12.443982162399467109 0.00016994941031958310 10 3.0054 
57202.0497289278 6.97315e-06 12.44338039568169771 0.00006854488588464720 9 0.4848 
57207.0073231155 6.96591e-06 12.443528046905882509 0.00011712489144979067 9 0.9208 
57228.9468086979 6.96153e-06 12.443594228037954486 0.00012846986796209202 10 1.0200 
57236.9327753057 6.96357e-06 12.44377348248671177 0.00015061541725250576 10 1.2334 
57256.8643762402 6.95922e-06 12.443551975781793425 0.00012168325813697922 10 1.3981 
57262.8572335200 6.95999e-06 12.443730271105480133 0.00008687435639054541 10 0.6811 
57269.7555592281 6.95846e-06 12.443518306337180786 0.00011484488089721742 10 1.0149 
57276.7455921875 6.95974e-06 12.443479298668467082 0.00008036489609966801 10 0.5732 
57290.7780049807 6.95754e-06 12.443464300090898085 0.00010611730266703144 10 1.4501 
57298.7675863707 6.95911e-06 12.443550669063831048 0.00008929791062299356 10 1.0033 
57311.7370840296 6.95955e-06 12.443442261446288091 0.00007493930912925004 9 0.4762 
57320.7051396931 6.9596e-06 12.443671139011073591 0.00010147259915144767 10 0.8334 
#57327.6677090508 6.94098e-06 12.444375190663218472 0.00014373584355476779 10 0.7826 
57333.6640133967 6.96146e-06 12.443928342015078829 0.00015667987585784224 10 0.9962 
57340.6730988944 6.96371e-06 12.443589567630519789 0.00013665935195517585 10 1.2493 
57348.6255555169 6.95963e-06 12.443828086786986457 0.00010065501951556365 10 0.7185 
57353.6131225756 6.96121e-06 12.443937602336478636 0.00007172937165190061 10 0.4758 
57360.6238021012 6.96087e-06 12.443325530419202388 0.00014556572621550855 10 1.9192 
57369.6008994092 6.95671e-06 12.44365736949089582 0.00012657293543966627 10 1.5959 
57374.5501691275 6.95682e-06 12.443756798864345854 0.00015147716349226352 10 1.6766 
57381.6084206305 6.96135e-06 12.443724749526724252 0.00012405361550024596 10 1.0682 
57386.4940992716 6.96365e-06 12.443565349763124707 0.00008917327542292695 10 0.8628 
57397.4938581009 6.96113e-06 12.443771189431403691 0.00014241405617395551 10 1.6207 
57403.4736007879 6.96199e-06 12.443888444921449112 0.00014191930840521874 10 1.4318 
57411.5296930127 6.95879e-06 12.443412380853624147 0.00010932454169875141 9 0.4858 
57418.4474219832 6.95932e-06 12.443502862436633403 0.00009938404135954468 10 0.6944 
57425.3886177419 6.95636e-06 12.443431175871743429 0.00010414531734003694 10 0.7779 
57431.3634939150 6.95327e-06 12.443428622139263527 0.00010088456241509760 10 1.1001 
57440.3100703328 6.95748e-06 12.443422503527923544 0.00013646985523368556 10 1.9470 
57445.2695868401 6.23254e-06 12.44336653555887691 0.00008564227896582309 9 0.5647 
57452.3222963556 6.95446e-06 12.443564778453278675 0.00007000321463707472 10 0.4304 
57459.3252677046 6.94947e-06 12.443653099163974178 0.00009720148428431800 10 0.7191 
57467.3048684020 6.95335e-06 12.443430249738500104 0.00006586430298885149 10 0.3946 
57473.2733833654 6.95473e-06 12.443238696117297377 0.00012080401503112199 10 1.3927 
57482.1135405753 6.97725e-06 12.443214147826906658 0.00018588188744480725 10 1.7309 
57487.1941276960 6.96061e-06 12.443386882347118411 0.00011150316102826744 10 0.7668 
57491.2386850213 6.95603e-06 12.443392726078212205 0.00008150122960183625 10 0.5039 
57496.2456436604 6.95858e-06 12.443082359002177348 0.00012253753271768847 10 1.0972 
57502.1752768916 6.96045e-06 12.443393993578927867 0.00016026343944496878 10 1.4967 
57508.1604780730 6.96147e-06 12.443142144634651892 0.00012946935443003410 10 0.9830 
57515.1730370286 6.95364e-06 12.443234825458637955 0.00013771405985172911 10 1.1613 
57522.1104602954 6.96361e-06 12.443312822693027449 0.00011324402810973644 10 0.9204 
57524.1119388699 6.96569e-06 12.443091092899203424 0.00010850010854626007 10 0.7391 
57529.1169847009 6.9572e-06 12.443200468699417052 0.00007579331943355900 10 0.4728 
57545.1142970822 6.9552e-06 12.443185628289794045 0.00008711708228945635 10 0.6745 
57552.0475708148 6.96332e-06 12.443298829245404531 0.00009114836901200757 10 0.6491 
57557.0456610547 6.95942e-06 12.443223427816815394 0.00011581012596470253 10 0.9549 
57565.0288972991 6.95922e-06 12.44318600185359519 0.00004394504656601272 10 0.1887 
57573.0106564492 6.96018e-06 12.443049333497362726 0.00008526791206181405 10 0.6551 
57578.0358638551 0.000680239 12.443093438629094453 0.00005524279067171359 29 0.8944 
57600.8990208538 6.9565e-06 12.442989328527963801 0.00012613967480259465 10 1.1270 
57607.9046317052 6.95888e-06 12.442968551456089598 0.00011514292211003591 10 0.8944 
57612.8895159140 6.95831e-06 12.442932904052883819 0.00015407934047716578 10 1.9022 
57619.8757022954 6.95616e-06 12.443144186638376104 0.00010267179526639360 10 0.8020 
57635.8910748839 6.96199e-06 12.44307047174303269 0.00010268100040224784 10 0.9073 
57648.7014542793 6.95673e-06 12.44281812676975091 0.00012361810387786584 10 0.8581 
57656.7699499049 6.95733e-06 12.442851574033190857 0.00012269055881428264 10 1.2588 
57661.7366951004 6.95491e-06 12.442893474267197184 0.00009012496308456719 10 0.8742 
57698.7380666091 6.95637e-06 12.442684871774530054 0.00006520102380073901 10 0.3560 
57703.6685456653 6.96152e-06 12.442724282682711854 0.00011151557211882933 10 1.0379 
57712.5923207505 6.95817e-06 12.442831224099138607 0.00011940850061244812 10 1.2348 
57717.6186058182 6.95649e-06 12.442697061929931789 0.00015442062957120694 10 1.9337 
57726.5224789708 6.90962e-06 12.442503992544210356 0.00009930405979964406 10 0.6523 
57731.5888875247 6.96204e-06 12.442523936760522379 0.00013743736239227281 10 1.4143 
57740.5956825472 6.95714e-06 12.442575780465280772 0.00006770005832035655 10 0.4672 
57747.5175474364 6.97193e-06 12.442587810540053327 0.00011092076375016417 10 0.9099 
57754.4992451709 6.9549e-06 12.442700376486413036 0.00010709214130785135 10 0.9391 
57761.5088477042 6.95793e-06 12.442871239649325261 0.00018516039323687725 10 2.4337 
57767.4759545748 6.9584e-06 12.442670467474618756 0.00008578087734530137 10 0.4869 
57782.4386254379 6.9576e-06 12.442761258157478383 0.00012404743289388685 10 1.2374 
57787.4776242335 6.95875e-06 12.442836825278022135 0.00022035512276104139 10 1.5880 
57795.4306346348 6.95939e-06 12.442749680391299428 0.00011109135741926061 10 0.9494 
57803.3912499598 6.95406e-06 12.442241648048940249 0.00015827481758548959 10 1.2927 
57809.3496375943 6.95551e-06 12.442555387231381155 0.00010420086551045608 10 0.9991 
57817.3377832701 6.95778e-06 12.442541579502254928 0.00014030197839405152 10 1.6021 
57825.3253494391 6.95795e-06 12.442755082082027955 0.00009493302406414783 10 0.9881 
57830.3018092124 6.95576e-06 12.442763900785560729 0.00006364811780283946 10 0.4268 
57839.3217634817 6.9622e-06 12.442810735628875646 0.00015530450866097745 9 0.8785 
57844.3017623072 6.96018e-06 12.442812471209620336 0.00016202690895583704 10 0.9452 
57851.3012320485 6.96413e-06 12.442666493099189933 0.00011608309986903187 10 0.5522 
57860.2479549702 6.96256e-06 12.442792669845908786 0.00013192745584621920 10 0.8918 
57867.2305458226 6.95475e-06 12.442673150032966124 0.00018416961082703506 10 1.6124 
57873.1940944442 6.96545e-06 12.443093514232019934 0.00021787602326052701 10 1.8557 
57881.1888396686 6.9631e-06 12.442959108160675912 0.00018193381995439942 10 1.1916 
57887.1245443009 6.9657e-06 12.442732690973467067 0.00018198165730720105 10 1.2716 
57895.1625097196 6.96714e-06 12.443071156100472377 0.00007102987857464531 10 0.3560 
57902.1214476955 6.9521e-06 12.442866051424128614 0.00010725501058847372 10 1.1261 
57908.0964863170 6.95814e-06 12.44313055516129258 0.00011334339114040087 10 1.0303 
57922.0730960785 6.96516e-06 12.443139196209563178 0.00008957969125426455 10 0.7465 
57929.0237099124 6.96139e-06 12.443503977389174075 0.00009259813331763210 10 0.7392 
57935.0241842253 6.96564e-06 12.443337775740567321 0.00010336053645505200 9 0.6790 
57944.0448934158 6.98584e-06 12.443475129018341285 0.00011306756640078959 10 0.8110 
57948.9902301887 6.96404e-06 12.443468909434820362 0.00016457298691521896 10 1.6752 
57957.9794670152 6.96986e-06 12.443512406354750991 0.00010967183415580919 10 1.2086 
57962.9436462173 6.95681e-06 12.443344785468717021 0.00013168182557018370 10 1.4832 
57970.9205450779 6.96246e-06 12.443461719292569691 0.00012753693458395095 10 1.0199 
57983.8608089828 6.95682e-06 12.443427381848526434 0.00009066635502680437 10 0.7852 
57991.8710321717 6.95837e-06 12.443505441040563132 0.00010221386736023124 10 0.8736 
58005.8733142677 6.97266e-06 12.443230336795368303 0.00018227062380873506 10 2.2449 
58011.8521818624 6.96547e-06 12.443420261192005207 0.00011662955300224932 10 0.8930 
58018.7866107929 6.95774e-06 12.443147619976946932 0.00010209105578957505 10 0.4543 
58026.7697601771 6.95932e-06 12.443035423953647884 0.00015834287696884304 10 1.6300 
58032.7902259994 6.96234e-06 12.443075586427074143 0.00016406198957065219 10 1.4219 
58046.7140233423 6.95753e-06 12.443066672447713945 0.00012295405935920024 10 1.4057 
58055.6928042211 6.95774e-06 12.442928458398204483 0.00013436463970955553 10 1.6065 
58069.6719645720 6.95702e-06 12.44294161469225878 0.00006848416142839931 10 0.5069 
58075.6366611476 6.95602e-06 12.442941309433689547 0.00013388335918721554 10 2.0583 
58089.6047820227 6.9613e-06 12.443034548925006167 0.00010852859929828033 10 0.9633 
58095.6158709874 6.9589e-06 12.442987300388178062 0.00009155299812436602 10 0.9140 
58103.4893326256 6.9557e-06 12.442679520940794156 0.00009036454694427799 10 0.8044 
58112.5339381113 6.98535e-06 12.442779680357990605 0.00010959986656265705 10 0.7390 
58112.5995669032 6.99177e-06 12.442853579539140705 0.00017930153572866085 10 1.6640 
58116.5167128840 6.99321e-06 12.442900881386440263 0.00014429406227013685 10 1.0432 
58146.4007985367 6.98888e-06 12.442875868479695053 0.00014606906514500032 10 1.6706 
58159.3966053726 6.95714e-06 12.442412273575085105 0.00013060873811967158 10 1.4257 
58167.3921800825 6.96174e-06 12.442579764702886989 0.00010819298527099993 10 0.9558 
58175.3231616913 6.95889e-06 12.442659830592521771 0.00015801659316659971 10 1.5102 
58181.3171400062 6.93146e-06 12.442418974050408989 0.00012014113449299544 10 0.6290 
58189.3232715464 6.96128e-06 12.442681731221841309 0.00013304178743576319 10 1.1805 
58195.2805953906 6.961e-06 12.442544516167763311 0.00006858857248115829 10 0.3686 
58203.3081808905 6.92009e-06 12.442749483037102804 0.00011208782858096836 10 1.0906 
58208.2903492537 6.99041e-06 12.442418741149506832 0.00005576262576544295 10 0.2417 
58216.2610930911 6.96087e-06 12.44248836205371359 0.00010374843533091514 10 0.6220 
58216.3318227527 6.96151e-06 12.442780095011136941 0.00012401229005402955 10 0.6742 
58224.2197995108 6.95657e-06 12.442476094396367744 0.00010617888584988447 10 0.6457 
58231.2203276219 6.97908e-06 12.442616447037225923 0.00009634985354336679 10 0.8903 
58238.2490925732 6.97628e-06 12.442600342175018198 0.00009039296039386509 10 0.8493 
58244.1907203101 6.95593e-06 12.442624383585711853 0.00005039859507239108 10 0.3165 
58252.1920932217 6.95615e-06 12.442661539171413687 0.00011409490661002742 10 1.1193 
58257.0947507006 7.00146e-06 12.442743638404947638 0.00012583103728184414 10 1.0358 
58257.1726933572 6.99469e-06 12.442669280076331377 0.00010418907596654125 10 0.6094 
58266.1502120905 6.98333e-06 12.443157617553382382 0.00009861369590608790 10 0.3975 
58271.0884227164 6.97084e-06 12.442842602916417314 0.00011716021933101002 10 0.7298 
58286.1052122168 6.98693e-06 12.443123628666625755 0.00014139788898685093 10 1.0403 
58300.0149417939 6.96916e-06 12.442963520199559545 0.00009744384520008465 10 0.8630 
58307.0061603544 6.94933e-06 12.442935136628781402 0.00010263960121941226 10 1.1889 
58313.9869579377 6.96127e-06 12.442888390512416192 0.00009177948544988121 10 0.8150 
58326.9299677506 6.95781e-06 12.443123177984050542 0.00011057563250193874 10 1.1044 
58342.9058102413 6.95948e-06 12.443227361972167962 0.00008999350252997334 10 0.7421 
58356.9127917574 6.98153e-06 12.443318651442913686 0.00008835182176047275 10 0.6924 
58370.8587900937 6.97232e-06 12.443606672156337646 0.00004148422233490301 9 0.0771 
58379.8232608765 6.96073e-06 12.44375426408237574 0.00009789709869136069 10 0.5322 
58382.8319651393 6.94596e-06 12.443898478333821631 0.00013631640736154374 10 0.8846 
58394.7781337554 6.96151e-06 12.443922224850828259 0.00012202598105812724 10 0.8501 
58398.7586703445 6.96004e-06 12.443670311328808522 0.00016277146390030622 10 2.0749 
58403.7313632945 6.96221e-06 12.443897817555960942 0.00016654439954782193 10 1.8195 
58438.5829908358 6.95126e-06 12.443297657080715589 0.00014416675636934261 10 1.2476 
58442.4828690951 6.97567e-06 12.443810910269904608 0.00020987738072469236 10 1.9959 
58450.4877054753 6.96682e-06 12.443323759781147278 0.00018934798873151374 10 2.1505 
58456.5204887195 6.97272e-06 12.443210037180632535 0.00024696475808981934 10 4.9289 
58470.4450286071 6.98784e-06 12.443326698626775066 0.00019802004730363692 10 1.6327 
58492.5242873802 5.87504e-06 12.443685665414611763 0.00019560714089715515 8 2.2210 
