#_MJD RANGE DM DMunc nToA chisq
56524.9336670998 2.48998e-06 22.558104888270067693 0.00183941240253721657 9 0.7098 
56531.9156250091 2.49099e-06 22.560585962586582352 0.00238394774879926432 10 1.5358 
56541.9165810201 2.5702e-06 22.563289387544522704 0.00158297408977521462 10 0.8921 
56542.8816401074 2.5018e-06 22.563415204216646145 0.00179010484898262860 10 0.7379 
56543.8642297317 2.5527e-06 22.558265357536575232 0.00248344621322040774 10 1.3137 
56565.8513852489 2.53001e-06 22.561460162953222744 0.00139373778253958861 10 2.2027 
56582.7318764352 2.55306e-06 22.560165349039332957 0.00098932754853955874 10 0.6931 
56600.7183922934 2.55131e-06 22.558238741676597674 0.00170736106588290385 10 0.6181 
56615.6934214275 2.49296e-06 22.562815659658831752 0.00383890129319862123 10 0.9565 
56671.4992874700 2.48732e-06 22.562399502806015875 0.00368409543059597779 7 0.9099 
56678.4624878116 2.48896e-06 22.560467051092697292 0.00299434848948493910 7 0.3495 
#56692.4722855078 2.49492e-06 22.552344532748862485 0.00280996979302280611 7 0.1755 
#56699.4811039117 1.75989e-06 22.561526050973603887 0.00892175586490026769 5 1.4750 
56700.4770392520 2.50306e-06 22.564657847936347518 0.00119484593867031134 9 0.4810 
#56707.4347327886 2.50987e-06 22.55753298198247182 0.00139981849339369628 9 0.4635 
#56713.4173976961 2.52452e-06 22.566620452847224164 0.00253757934380008680 9 1.6940 
#56724.4144398363 2.44561e-06 22.560793370442398078 0.00448267800740098730 7 0.5042 
#56731.3735038558 2.49223e-06 22.551461582736490343 0.00781407947341745956 6 1.2123 
#56738.3582430799 2.5078e-06 22.562025063222749316 0.00491626013805226882 7 0.6005 
#56745.3645732604 2.52186e-06 22.573343228044606837 0.00436825257386746785 7 0.4452 
##56747.3724603561 2.51049e-06 22.563208456109605019 0.00497257738254311670 8 0.5888 
56752.2652152402 2.52866e-06 22.563636083461117949 0.00157053956745229536 10 0.6820 
#56752.3702258721 2.48336e-06 22.566070260026078159 0.00353530097195670729 7 0.3285 
56759.2982480456 0.0211975 22.561374258439769428 0.00143467497450459371 17 0.7046 
56761.3062523738 2.50197e-06 22.559813586415579073 0.00081961607384845037 10 0.1823 
56766.2971853038 2.51975e-06 22.559168477152522396 0.00201746091576623064 9 0.9963 
56769.2886225223 0.00434499 22.558891257032164893 0.00219762489817906716 17 1.5262 
56773.2684028955 0.0148735 22.561989596660322195 0.00189385462171328279 16 1.3933 
56780.2670608161 0.0128156 22.562186137649228044 0.00115455350491254667 16 0.7166 
56782.3062338541 2.50037e-06 22.56642061013656109 0.00178910693536960029 10 0.9448 
56787.2284543304 2.54657e-06 22.559314038599825316 0.00190828824780402855 10 1.1162 
56789.2791508751 2.47823e-06 22.56149255119376733 0.00259407173271844786 9 1.3352 
56793.9736336997 2.53086e-06 22.560751112396807272 0.00225797436074882474 10 1.0739 
56796.1625149819 2.521e-06 22.558475811194706595 0.00153938773674997388 10 0.8881 
56801.1922203020 0.00685612 22.561588102324340799 0.00179650350304380959 16 1.1542 
#56818.1109905672 2.50062e-06 22.557476813399111608 0.00372634229314642478 9 1.4961 
56823.0298782078 2.52474e-06 22.563312753956112092 0.00124580907619304543 10 1.1281 
56830.1810497552 2.5423e-06 22.56178476564339375 0.00204214065662776173 10 0.7935 
56836.1101541256 2.52406e-06 22.560207005420043758 0.00178178320771867202 10 1.2766 
56845.1346300225 2.51937e-06 22.558524405137024145 0.00120403233495770812 10 0.6019 
56852.0854168565 2.5007e-06 22.558341837541936227 0.00116815935991120261 10 0.9733 
56859.1115422237 2.51009e-06 22.560750322047991679 0.00175164442085756983 9 1.7026 
56863.9646261270 2.52897e-06 22.559693092764670623 0.00095824243106849036 10 1.4502 
56873.0174344742 2.5089e-06 22.559705529306815995 0.00119253238771003037 10 2.6774 
56891.9326099196 2.50916e-06 22.559882714062147039 0.00058868900309730040 10 0.4857 
56900.8978632522 2.51409e-06 22.559650655074403494 0.00088336439165449798 10 0.8412 
56907.8871294375 2.50982e-06 22.560714567649096241 0.00059493684599232677 10 0.2551 
56912.8006410335 2.52173e-06 22.559283214521468463 0.00122644379719444416 10 1.3388 
56920.8215522848 2.5392e-06 22.560790577898213041 0.00049411462870160080 10 0.2519 
56927.7938179289 2.54896e-06 22.560210856454761876 0.00081456288771851947 10 0.7422 
56935.6945719793 2.57468e-06 22.559325046083958234 0.00094899703561694432 10 0.6602 
56940.7694347547 2.54347e-06 22.561714811598174863 0.00084950503703328482 10 0.5519 
56955.7249704460 2.56079e-06 22.56040904394565721 0.00121754780546231146 10 0.9496 
56965.7083330787 2.55765e-06 22.558860318218515751 0.00101719229335143222 10 0.9056 
56975.6894523650 2.53839e-06 22.560322819093768505 0.00097355404640446172 10 1.1878 
56983.6430827124 2.53475e-06 22.559732979171119386 0.00060579053971885081 10 0.6046 
56986.6344205730 2.52704e-06 22.561439016579149235 0.00110292704980684080 10 1.0802 
56990.6923829955 2.5398e-06 22.560839157646116249 0.00075096036231463094 10 0.8339 
56997.6437532755 2.5387e-06 22.560880365736531172 0.00089293703226537376 10 1.4280 
57003.6168350101 2.5458e-06 22.562236493904016355 0.00070846459327947276 10 0.8027 
57011.5437350689 2.55138e-06 22.563030156703768435 0.00127308178862897236 10 1.9846 
57015.5839716335 2.55512e-06 22.560836171043300948 0.00085230654413298590 10 0.9279 
57017.5902176424 2.54688e-06 22.56125243364426503 0.00076465778591992698 10 0.8293 
57019.5431363673 2.55645e-06 22.559163584460735316 0.00109842970669822007 10 2.1255 
57025.5236411982 2.54732e-06 22.560055061947211916 0.00073398463243093024 10 0.6507 
57027.5694305577 2.55068e-06 22.560640948413593415 0.00093910073523103112 10 0.8177 
57031.5253742313 2.54238e-06 22.560844684162054352 0.00059813073773402566 10 0.5023 
57040.5158857477 2.55132e-06 22.559450270234716864 0.00109131703169410054 10 0.9834 
57045.4944450715 0.0180533 22.56127837543158301 0.00092650742417978345 20 0.8554 
57054.4660229542 2.55397e-06 22.559894877956795276 0.00158960706046413027 10 1.2266 
57062.3575914816 2.51531e-06 22.560710993025735911 0.00170607107238376215 10 0.9349 
57067.4311699667 2.49472e-06 22.560066196220306374 0.00104687856246408724 10 0.5112 
57075.3819432945 2.49656e-06 22.560657144436492264 0.00175347790830055134 10 0.8895 
57089.3562788777 2.4999e-06 22.560507695793133183 0.00076155025424524058 9 0.1211 
57096.2708236256 2.51429e-06 22.56221876222870835 0.00234275054522865237 10 1.4532 
57109.3221271058 2.50125e-06 22.558051717834498185 0.00128225029744890684 10 0.6391 
57118.2562587109 2.50841e-06 22.560502108758643884 0.00189376209196925622 10 2.1549 
57124.2151507220 2.50125e-06 22.560455367140296075 0.00089029343640737758 10 0.7762 
57138.2179520048 2.50545e-06 22.558511420521276371 0.00073198028926830475 10 0.7405 
57151.1414809954 2.50458e-06 22.559806135519560079 0.00105878060168940972 10 1.0192 
57160.1543708994 2.49812e-06 22.561557536123917851 0.00123767711931947223 10 1.1490 
57165.1456509554 2.50362e-06 22.559625045778675402 0.00074205454987399944 10 0.7016 
57167.1012024522 2.50139e-06 22.561771660576479044 0.00095588294129628736 10 0.9179 
57172.0046698090 2.50138e-06 22.559683126054681589 0.00159405676182099859 10 1.3465 
57188.1241237548 2.50139e-06 22.562794150901831883 0.00078877094361709695 10 0.8725 
57193.1034188001 2.50241e-06 22.560253156163548675 0.00049818150895313299 10 0.3059 
57201.0268930672 2.50103e-06 22.559624770843449647 0.00075814005209488800 9 0.5429 
57214.0077250099 2.50041e-06 22.561319529645637243 0.00036160845511166610 10 0.2182 
57229.9806516659 2.50225e-06 22.561123081153941088 0.00102603840031841313 10 1.2051 
57236.9563059073 2.5004e-06 22.559890410819006878 0.00050255901045760957 10 0.3999 
57242.9292904846 2.5007e-06 22.560216052943498081 0.00043403436676397122 10 0.2566 
57256.9070171212 2.50272e-06 22.561402627902612467 0.00054368261076558218 10 0.3067 
57262.8360495795 2.50456e-06 22.559997018108185803 0.00058828151707692800 10 0.5388 
57270.8842317019 2.5017e-06 22.561186915973485764 0.00086685353674519734 10 1.0407 
57277.8522972897 2.49495e-06 22.560166564970573844 0.00080203115849422743 10 0.8022 
57280.8292511571 2.50057e-06 22.559405754472664375 0.00036733274475278082 10 0.1812 
57291.7662015138 2.50384e-06 22.561512842974310032 0.00101400914860422437 10 1.7332 
57299.7340027718 2.50379e-06 22.559481121158917051 0.00037931359728123813 9 0.1873 
57312.7702036360 2.50345e-06 22.560027014449613593 0.00074157126900400929 10 0.7707 
57320.6936277977 2.50471e-06 22.559465292663886778 0.00031919147471408616 10 0.2267 
57326.7299249330 2.50276e-06 22.559275215166541446 0.00079265865914232656 10 1.1219 
57334.6904778175 2.49069e-06 22.560475662577842452 0.00111856721598884031 10 1.7041 
57341.7351904584 2.50056e-06 22.559960788868388629 0.00077081524839717837 9 0.9846 
57347.6687574767 2.50123e-06 22.560036351033608088 0.00059120174564127558 10 0.7627 
57362.6947519729 2.50277e-06 22.559665041197346193 0.00085483324111486477 10 1.6372 
57367.6189197279 2.49912e-06 22.559543841524578912 0.00067923523803229704 10 1.1970 
57374.5535673374 2.50489e-06 22.559873423014719008 0.00062436101148028009 10 1.1931 
57382.6056455790 2.50494e-06 22.560194683916533138 0.00075678109844145051 10 1.7939 
57389.5451725043 2.50547e-06 22.559558207116383918 0.00056800601730325488 10 1.8498 
57396.4550599601 2.50957e-06 22.55919521385973057 0.00053379612764724879 10 0.8922 
57403.5144595651 2.50898e-06 22.560168679673459355 0.00083147760546831498 10 1.7744 
57411.5164859730 2.51294e-06 22.560103010325414107 0.00060074267275051581 10 0.8226 
57417.4640230978 2.50474e-06 22.561017290432942645 0.00093196152516545748 10 1.7653 
57425.4075267490 2.49224e-06 22.558597408363728939 0.00074215002096664380 10 0.9736 
57430.4614213979 2.52468e-06 22.56134065384308124 0.00083464987470374848 10 0.6243 
57439.3575323377 2.50751e-06 22.557917557360983311 0.00101156385132786372 10 1.0614 
57446.4781387576 2.49941e-06 22.559207999490715823 0.00096756985631185676 10 0.7002 
57454.3207156620 2.51108e-06 22.560112284081093622 0.00055344493969590068 10 0.4223 
57460.3305115923 2.5106e-06 22.562572730797606523 0.00068583108523370261 10 0.7494 
57468.3010644261 2.50496e-06 22.559536253806415565 0.00055976574928937744 10 0.3390 
57474.3275651102 2.50142e-06 22.558848786404052106 0.00063312680162875472 10 0.8119 
57481.2804915584 2.5045e-06 22.558841706637645255 0.00085240103151135106 10 1.0640 
57487.2619735971 2.50295e-06 22.559784155240003075 0.00112371730052968229 10 1.0189 
57495.2141611778 2.50434e-06 22.560213368364988822 0.00106229629290460910 10 0.7682 
57501.2075361172 2.50974e-06 22.561576297679894764 0.00090513398556325310 10 0.5629 
57510.1577139835 2.51343e-06 22.558266034237471944 0.00072965878352804583 10 0.9331 
57515.0850537294 0.00258716 22.560320479948998513 0.00065068397337718679 20 1.2817 
57523.1801138599 2.50249e-06 22.560560093527379285 0.00078433284051720737 10 0.6941 
57529.1370698419 2.50074e-06 22.558709113547302709 0.00056843769374837047 10 0.5434 
57543.1212007324 2.50066e-06 22.560417691713184767 0.00060713424068199826 10 1.5165 
57550.1107120281 2.50178e-06 22.559603505006596889 0.00038277222698941899 10 0.7042 
57559.0697816565 2.50036e-06 22.559371061452498293 0.00050631996917286563 10 1.9109 
57566.0448837724 2.49981e-06 22.559640962814351394 0.00038503812479011740 10 0.6216 
57572.0275002109 2.50162e-06 22.561849376580152151 0.00048216454222496592 10 0.6038 
57591.9238350287 2.50424e-06 22.56019727880680676 0.00085814352933620422 10 1.3813 
57598.9080159760 2.49646e-06 22.559826070446716532 0.00070208554492058985 10 0.7178 
57607.9247501522 2.49946e-06 22.559976326800949968 0.00086406477768812679 10 1.4569 
57613.9150716400 2.49771e-06 22.559839592593891424 0.00053040342717107557 10 0.4426 
57626.8930269673 2.50148e-06 22.559564809261865073 0.00166442483247722936 10 0.8132 
57635.9017298505 2.50137e-06 22.55977107737363664 0.00048076665794907644 10 0.3407 
57641.8983695926 2.49766e-06 22.559729626463463095 0.00141750849505971116 10 1.6969 
57648.8254304997 2.50122e-06 22.560225454927140596 0.00032258724389682021 10 0.1708 
57655.7302812247 2.50464e-06 22.559552565121809401 0.00111949145336104642 10 1.1838 
57671.8709320302 2.4845e-06 22.559558414662654619 0.00052811527273824476 10 0.8339 
57697.6627760439 2.50668e-06 22.559442165441348907 0.00043941612318133610 10 0.4914 
57704.7315338521 2.51009e-06 22.559446148476012027 0.00065482827787864803 10 0.8086 
57712.6309875944 2.50176e-06 22.560032004236790807 0.00082263711413246637 10 1.7537 
57718.6627531218 2.50098e-06 22.560444313879237032 0.00049730868251650709 10 0.6762 
57726.5752743560 2.5052e-06 22.560145359922122344 0.00060844113341508273 10 0.7139 
57732.5914136094 2.50117e-06 22.56056583418558756 0.00066516790373387477 10 1.1446 
57739.5344236896 2.50171e-06 22.558579210012714577 0.00055797218749467062 10 0.4855 
57748.5163360765 2.51016e-06 22.559766775917204928 0.00031842625945813365 10 0.2223 
57752.5614236659 2.4959e-06 22.559772310768830883 0.00067362437588802367 10 0.8423 
57760.5273074291 2.45965e-06 22.55895436685472492 0.00082594004433372229 10 1.2899 
57767.4241625945 2.50815e-06 22.559749812571016983 0.00042591687496078973 10 0.2983 
57773.5302933534 2.52329e-06 22.561194298419931809 0.00105122450112020752 10 1.1839 
57782.4663559827 2.49989e-06 22.560693951103683575 0.00072190600143950717 10 0.5151 
57788.4229817784 2.50149e-06 22.559607413600339731 0.00072108712534221483 10 0.7160 
57796.4329148664 2.49784e-06 22.558560098463472736 0.00129716839457962203 10 1.4949 
57802.4072251805 2.50003e-06 22.558968213054637678 0.00117299231736192589 10 0.9274 
57810.3488881382 2.50623e-06 22.559413348266521525 0.00056511735575270438 10 0.2020 
57816.3336282091 2.50635e-06 22.558101216856895992 0.00180885145081103650 10 2.7919 
57825.3433332555 2.50358e-06 22.560895172014303259 0.00119344927556647726 10 0.9773 
57831.2482494189 2.50579e-06 22.559633832681170295 0.00155429969062454527 10 0.9571 
57838.2802099564 2.50247e-06 22.557292683939978151 0.00136012698740908735 10 0.7219 
57844.2843820430 2.49807e-06 22.558626690941577294 0.00150586147860945182 9 0.6334 
57851.2842325349 2.32487e-06 22.559392242436511627 0.00130509902964064421 9 0.6081 
57858.2813761832 2.50929e-06 22.561174587544894139 0.00168345944161688520 9 0.9697 
57867.2389385779 2.47132e-06 22.561366149929772322 0.00114145036609223836 10 0.5888 
57872.2843100202 2.50677e-06 22.560115648755833922 0.00109785565113016043 9 0.2994 
57879.2015974976 2.50032e-06 22.560805383238924446 0.00144942270585274183 9 0.4724 
57888.1847838362 2.50569e-06 22.558346951577725934 0.00311037590751491247 7 1.9214 
57893.1627333665 2.23512e-06 22.560495640514691083 0.00133461462801634056 9 0.8585 
57901.0954149153 2.50162e-06 22.557508066206467194 0.00163099372337426030 8 0.9320 
57908.1013447964 2.49792e-06 22.559439876402313517 0.00114995599605913321 8 0.4886 
57922.0675145251 2.49792e-06 22.559309154066680456 0.00123017037436007684 9 0.5785 
57928.0607980350 2.49877e-06 22.562535826933711566 0.00134273900303540279 10 0.7758 
57935.0381443763 2.49753e-06 22.557630089564129431 0.00122946493944021224 9 0.4930 
57943.9796015543 2.50104e-06 22.559998945929832277 0.00109908320836133670 9 0.6001 
57949.0005266322 2.49896e-06 22.560774633871529834 0.00119499441199874459 10 1.0205 
57955.9852251061 2.49548e-06 22.56119878510119074 0.00126160336103571980 9 1.1387 
57963.9478401706 2.49836e-06 22.556925129109754415 0.00165031649600139380 8 1.0606 
57970.9650436044 2.49827e-06 22.559949675050496346 0.00191462613713485209 8 1.3741 
57983.8796638228 2.50097e-06 22.560934144879381355 0.00145567432906918716 9 0.7901 
57991.8825237916 2.49808e-06 22.561790055437072802 0.00156370606319345784 10 0.7655 
57999.7348540919 2.49494e-06 22.556551337059268993 0.00216997046603854956 8 0.7766 
58005.8560970823 2.49835e-06 22.55813391965360947 0.00185215882185509875 10 0.8506 
58011.8332476455 2.4938e-06 22.563966224967560334 0.00241750178967790148 9 0.8139 
58018.8048230247 2.49475e-06 22.563983464648118937 0.00286348384762747168 10 1.2539 
58025.8044996271 2.49751e-06 22.563791862588441132 0.00195088853273820383 10 0.5560 
58033.7864445328 2.49815e-06 22.565712958661894834 0.00209550063955660573 9 0.4951 
58046.6693475411 2.26913e-06 22.562616820181794111 0.00360938174419345561 6 1.9579 
58071.6991224392 2.4928e-06 22.558688304543350561 0.00095395814389375019 10 0.3322 
58074.6533035639 2.50299e-06 22.561429902951752539 0.00114496387293188534 10 0.5348 
58089.5586192525 0.00249853 22.559456826049862318 0.00096241328855933990 20 0.6781 
58095.6508820891 2.51258e-06 22.557242054259044495 0.00213210505445921277 10 1.1680 
58097.6046669709 2.49635e-06 22.558570275404144641 0.00143888414341774564 10 0.4974 
58104.5818514647 2.50796e-06 22.55680587172341715 0.00182367025035833400 10 0.8851 
58109.4607093780 2.4956e-06 22.560424642050769339 0.00163744939124113175 10 1.3808 
58109.5551725389 0.0126817 22.563077179508359929 0.00084201519148448256 20 0.8038 
58117.5291685947 0.00568973 22.560671365588670452 0.00119307368846589151 20 1.4185 
58125.5267059632 0.00642782 22.561708778049665371 0.00061319337099439834 20 0.3990 
58130.4420954546 2.51058e-06 22.561658915469410974 0.00182029536517461666 10 1.2723 
58131.4943386243 2.49667e-06 22.56127520620434093 0.00068951331792304260 10 0.3781 
58139.4574505523 0.0145038 22.558841784732337197 0.00095782361650129750 20 1.2249 
58145.4832501415 2.46501e-06 22.559139869032497032 0.00138512748854956072 10 0.8476 
58152.4574663880 2.4797e-06 22.562807136622004578 0.00132442967825585969 10 0.9203 
58158.4937996553 2.49102e-06 22.564022025479569157 0.00107797959042945854 10 0.5333 
58167.4039428421 2.44999e-06 22.56155975331655739 0.00170904054964227288 10 1.4170 
58174.3751502114 2.45818e-06 22.56249182791342755 0.00150730246205757826 9 0.5481 
58175.3375174496 2.51616e-06 22.558798018554665109 0.00154501388703837637 10 0.7180 
58180.3629895488 2.49982e-06 22.556992472875296078 0.00245161605848792956 10 1.4738 
58189.3407254483 2.50711e-06 22.561021782815160486 0.00200253344300657665 10 0.6872 
58196.2719270256 2.50915e-06 22.563121167511140448 0.00322312161512201606 9 1.6134 
58196.3318900538 2.50958e-06 22.560271202691757337 0.00195196716517993937 10 0.8538 
58201.2861770484 0.0246858 22.560329597256828628 0.00117430956141786023 20 0.3558 
58210.2878963068 2.49601e-06 22.556257216837915458 0.00205515256645380940 9 0.6561 
58215.2873572994 2.50468e-06 22.561807038539081077 0.00225665380653287473 10 0.9477 
58216.3039663287 2.49585e-06 22.557943613130080052 0.00204937834092843666 10 0.9871 
58222.2622914683 0.00662345 22.560075449460503694 0.00169500594067611412 19 1.3540 
58229.2107931127 2.47747e-06 22.56285275936990274 0.00146229028069769337 10 0.5490 
58230.2302621273 2.50082e-06 22.560211983938832639 0.00162219160794546419 10 0.9837 
58235.2184574780 2.49558e-06 22.56019929773006703 0.00168193362558030288 10 0.6271 
58238.2174647700 2.48986e-06 22.559163254612986851 0.00096049778143293479 10 0.5636 
58243.2125162361 0.0213443 22.559578547520463909 0.00160719422659817506 20 1.0805 
58250.1690518930 2.48229e-06 22.556516486389857831 0.00261813547222637015 10 1.3745 
58250.2240952541 2.4984e-06 22.562116695367369475 0.00222475950430990870 9 0.5801 
58259.9511581748 2.50977e-06 22.560757728190206819 0.00213874296161398322 9 1.3017 
58260.0689925535 2.50411e-06 22.558208263482322173 0.00156900158710109147 9 1.3648 
58260.1901802677 0.0035273 22.559600794317488187 0.00099126614309688827 17 0.9524 
58260.3070347694 0.000679283 22.560892126925203892 0.00166535358561187394 19 1.6680 
58265.2069008626 2.49594e-06 22.56119351095931309 0.00167165599133932636 10 0.9893 
58271.1064111341 2.49212e-06 22.558514921462346721 0.00181114127720296615 9 0.5776 
58273.2328814329 2.49553e-06 22.563764053290216159 0.00379310108585423659 9 2.1776 
58285.1178658969 2.49904e-06 22.562015433129738579 0.00139673226239729587 9 0.4188 
58286.0765528200 2.50149e-06 22.560418377287725148 0.00104719693966724681 10 0.8151 
58300.0090440465 2.51218e-06 22.555562396740421915 0.00137045775362759398 9 0.3485 
58301.0609113732 2.49395e-06 22.557997667895096645 0.00278766998097635830 8 0.8883 
58307.0466202533 2.50408e-06 22.55888304753769999 0.00261206478994330075 9 1.4070 
58308.0237430038 2.4957e-06 22.557685940773180185 0.00233980404755801180 8 0.6738 
58315.0030362380 0.00241875 22.559372722921106654 0.00112365488876631009 19 0.8211 
58323.9757124015 2.49506e-06 22.556567814451934787 0.00230097022206380121 10 1.5374 
58326.9814367385 2.49306e-06 22.561421855805475246 0.00105362379421721766 10 0.5831 
58328.9825320951 2.49963e-06 22.55914596337422375 0.00202808558970574843 10 2.0811 
58340.9460325626 2.48469e-06 22.561750202379084259 0.00171442086098249117 10 1.2006 
58354.8983866159 2.49544e-06 22.556212714165139547 0.00168506392289155711 10 0.8038 
58370.8637793618 2.50641e-06 22.560755885546517945 0.00207122620244184130 10 1.0178 
58379.8347358347 2.49643e-06 22.559775244648570668 0.00171093807088400804 10 1.5957 
58382.8493600947 2.50217e-06 22.560893624475797502 0.00198532698654344799 10 1.4586 
58383.8547199647 2.49804e-06 22.564219352930346724 0.00142428487973357857 10 0.7424 
58393.7944062876 0.00736489 22.562183109169014166 0.00075231513475450262 20 0.6073 
58396.7817220246 0.00554881 22.559563853344145745 0.00067982753988125584 20 0.8664 
58404.7744030658 2.47372e-06 22.562178235374921991 0.00070262582473159911 10 0.3765 
58405.7327034365 2.50159e-06 22.5596431492538404 0.00117327534711538970 10 1.1309 
58407.7447601088 2.4877e-06 22.560829031126492444 0.00077787612843299052 10 0.6151 
58438.6720962777 0.0107278 22.561293956914179779 0.00089534526927383487 18 1.1140 
58442.5727624772 2.5133e-06 22.559826832541755262 0.00149974564341229981 10 1.1411 
58457.4897665554 2.49442e-06 22.561839275125102738 0.00210489494610030048 9 1.4227 
58464.5932352071 2.50055e-06 22.564777750216155791 0.00198259681918736214 8 1.9349 
58471.5313152650 2.51495e-06 22.562154515017588558 0.00076966686506678872 9 0.3375 
