#_MJD RANGE DM DMunc nToA chisq
#56615.7350490716 1.55797e-06 43.5214287097621297 0.00051118827409045323 4 8.8876 
56635.6521086032 2.16745e-06 43.522543256051412133 0.00030541572141881213 5 0.8453 
56655.6708065514 2.31636e-06 43.52244511812365596 0.00016731042796479790 9 1.3712 
56665.6416654673 2.34503e-06 43.522755619638809805 0.00029445748367438692 9 4.1918 
56700.5246484141 2.46532e-06 43.521664516409590082 0.00027026439558609712 10 23.6283 
56707.4804187582 2.47274e-06 43.521743546997021284 0.00029412067637342090 10 19.4375 
56713.4671639492 2.46972e-06 43.521331265063679605 0.00031485623662122963 10 30.9086 
56723.4559006281 2.71767e-06 43.521734431069467704 0.00027082593040602049 10 20.5086 
56730.4669929436 2.72541e-06 43.521581367264781603 0.00020327687466013955 10 10.3528 
56737.4141656683 2.7298e-06 43.521843224738776253 0.00029166039230174443 10 21.5842 
56738.4113694821 2.46488e-06 43.521798478835382461 0.00031524315975349813 10 26.8229 
56752.3108595533 2.33389e-06 43.520974533232335443 0.00015761318593456616 9 3.4319 
56759.3246220272 2.4638e-06 43.52129266459489431 0.00024140811499843133 10 18.4406 
56761.3531291812 2.72782e-06 43.521205880412331825 0.00021406109923597188 10 12.1839 
56766.3447309875 2.47063e-06 43.521171505625040148 0.00022661414340749002 10 14.8293 
56769.3322258711 2.4657e-06 43.52109358155038912 0.00024265171917873458 10 19.4746 
56773.3010585014 2.46581e-06 43.520982250675456268 0.00029765283177221298 10 30.5474 
56780.3017412481 2.46941e-06 43.521023082761627371 0.00025141181050181675 10 19.2679 
56782.3531197997 2.73915e-06 43.521258009228284851 0.00021480838198528491 10 12.8797 
56789.3208045413 2.73712e-06 43.521306547187329605 0.00021896370822003527 10 32.6712 
56796.2041561610 2.73911e-06 43.520903448460461091 0.00012277108737918002 10 9.0668 
56803.2930293273 2.7345e-06 43.52085981360557496 0.00015798602419427664 10 15.4309 
56823.9631600472 2.7336e-06 43.520376206172270421 0.00013580357262903134 10 6.0605 
56830.1679889142 2.73935e-06 43.520629410604228807 0.00012616867020089385 10 24.2724 
56837.1576097959 2.74015e-06 43.520597570792065856 0.00013396925870886171 10 42.6520 
56844.1217579327 2.74006e-06 43.52069509378159208 0.00011777311845005987 10 30.6095 
56851.0777887316 2.73637e-06 43.520656541724079335 0.00013508470894430904 10 39.6900 
56858.1066854508 2.73788e-06 43.520655767819859783 0.00014512991559264377 10 36.9923 
56866.1002019128 2.73753e-06 43.520764413714488082 0.00014549996214869267 10 47.1691 
56873.0777898519 2.73422e-06 43.520841885922428489 0.00015357365796089809 10 53.1223 
56878.0466406875 2.73223e-06 43.520859269905801125 0.00016622491435556948 10 42.0293 
56894.0278599497 2.73577e-06 43.521082554966402042 0.00018344542638844090 10 74.9036 
56898.9439744390 2.73046e-06 43.521169195467487887 0.00023214307751778321 10 100.3120 
56905.9407355988 2.73458e-06 43.521263815543836259 0.00020323682560780269 10 81.3223 
56913.9313159985 2.73251e-06 43.5212489435092553 0.00020217800589163073 10 65.0821 
56919.8876145741 2.7331e-06 43.521316901192441805 0.00022333508627825767 10 86.7294 
56926.8650887432 2.73201e-06 43.521241102875119693 0.00021165577023799642 10 70.7692 
56934.7749498517 2.72145e-06 43.521207251032919074 0.00022486424464860050 10 69.4941 
56941.7652701340 2.71149e-06 43.521264129129169185 0.00023867383352259300 10 67.6515 
56955.7266610826 2.71833e-06 43.521494853328233501 0.00022076468540658368 10 66.8673 
56968.7834120633 2.73183e-06 43.521301018378544236 0.00022667434973498124 10 79.8079 
56977.7411133893 2.73608e-06 43.521179600077292967 0.00020521825535956088 10 84.7472 
56981.7487271115 2.72282e-06 43.521029186400858619 0.00023771768395538658 10 120.4838 
56984.9358557381 2.72082e-06 43.520918124532592085 0.00016749934405700878 10 17.0693 
56989.7516426239 2.72988e-06 43.521069327737636513 0.00021153915273592109 10 68.2523 
56996.6794039008 2.72488e-06 43.520969591641662309 0.00017055876775675942 10 51.8246 
57004.6820084611 2.7335e-06 43.52088361185857817 0.00017424812143953036 10 62.6520 
57011.6358342479 2.72912e-06 43.520771588950363205 0.00013062996370612551 10 35.8957 
57013.6241492594 2.72684e-06 43.520625043658157278 0.00016017585870387599 10 65.6942 
57018.6617579988 2.7279e-06 43.520711941984019665 0.00016133890769079990 10 51.7410 
57025.6668248241 2.73478e-06 43.520762095245386927 0.00012704027242167233 10 30.4167 
57027.6048963540 2.72178e-06 43.520630885867238012 0.00017148256724092389 10 65.6634 
57046.5544787192 2.73288e-06 43.520174263624707783 0.00012697198798276822 10 35.8661 
57052.5517481472 2.73144e-06 43.52010262291357658 0.00013134068184987872 10 48.0699 
57060.5173381263 2.72663e-06 43.519853772958308674 0.00017381372795789211 10 80.6782 
57073.4809991715 2.72285e-06 43.519491536035929725 0.00020590706609726440 10 163.5323 
57088.4416348745 2.72314e-06 43.519215224721568922 0.00018700992238900640 10 84.8311 
57095.4079447280 2.72311e-06 43.518977978060300979 0.00020978166134627533 10 116.5655 
57103.3874628094 2.72929e-06 43.518894196605128255 0.00019370634371937176 10 173.7858 
57110.3749286886 2.73573e-06 43.518832485351315358 0.00023711560614168327 10 176.9793 
57123.3272994982 2.72772e-06 43.518838536437274751 0.00026521045415090036 10 335.9040 
57130.2863553928 2.72049e-06 43.518764106148305568 0.00020573595744711331 10 208.6796 
57139.3354166517 2.7257e-06 43.518821999443025053 0.00026651973177955888 10 311.9718 
57151.2233395980 2.73806e-06 43.51871410333680408 0.00024151036314771438 10 268.0855 
57159.2542771980 2.72585e-06 43.518735999593038306 0.00025009959503718537 10 345.8789 
57161.0614233064 2.73282e-06 43.518504195884451419 0.00020296247415453798 10 107.6058 
57161.1853965516 2.74601e-06 43.518698885359642696 0.00019530368576657438 10 250.5103 
57161.2989000798 2.75993e-06 43.518580616811985366 0.00019395671361809751 10 86.8116 
57161.4526250383 2.76861e-06 43.518428163651123493 0.00022011523015335260 10 50.8609 
57162.0640283533 2.75e-06 43.518516212603299657 0.00020392425365442453 10 102.9259 
57162.1869919449 2.74071e-06 43.518665955756924767 0.00021007327056742984 10 271.7690 
57162.2788205114 2.75277e-06 43.518733338134350876 0.00021607642131812061 10 144.4806 
57164.2611136088 2.75671e-06 43.518713820255392446 0.00023926140914672325 10 485.1803 
57173.1979568158 2.70883e-06 43.518732131342655594 0.00021835561501362831 10 250.5085 
57180.1577117227 2.68374e-06 43.518811831121857372 0.00022526331938884858 10 257.8266 
57186.1458980957 2.624e-06 43.518789299345234382 0.00022951938788365564 10 307.5267 
57194.1592387579 2.64244e-06 43.518467257830442053 0.00019689420195105465 10 157.6652 
57200.1128451132 2.61265e-06 43.518706933738241699 0.00022956066019267987 10 274.7043 
57200.1816580389 2.76932e-06 43.518686404551768857 0.00018207573852075854 10 158.1741 
57207.0895076861 2.54172e-06 43.518635316052446532 0.00023406591106007196 10 298.9735 
57215.1138916015 2.59635e-06 43.518710185834132857 0.00024433237860251890 10 376.2010 
57229.0286951844 2.63134e-06 43.518297987287887514 0.00023515774151459847 10 297.5893 
57235.0213628801 2.53039e-06 43.518236109525383022 0.00025175504031399091 10 359.3476 
57242.9965974799 2.65896e-06 43.518099155230088586 0.00022989028175615279 10 341.3564 
57257.9912538673 2.6207e-06 43.51835288083485093 0.00024334242127955574 10 361.4409 
57263.9694821764 2.60902e-06 43.518447200158763836 0.00023015917063275252 10 338.5010 
57270.9037650566 2.70863e-06 43.518443091924817259 0.00022497319088022694 10 268.7317 
57277.9642965652 2.70698e-06 43.518385608109517362 0.00025982478347578563 10 115.4583 
57292.8878776260 2.73447e-06 43.518426492974817955 0.00027414361240995876 10 439.9479 
57297.8608765984 2.73016e-06 43.518601742296212261 0.00026548960133213517 10 405.8574 
57311.8189081657 2.73473e-06 43.518767566263346084 0.00025282279759732519 10 349.1249 
57318.8249242633 2.74158e-06 43.518757758658278081 0.00023934710978606579 10 305.6707 
57326.8062079949 2.72274e-06 43.518754344120794478 0.00023346719242477867 10 272.7594 
57333.7459917421 2.73185e-06 43.518513237760856463 0.00023104704011034954 10 269.6333 
57340.7561861103 2.72523e-06 43.518676701954944613 0.00023821599400974884 10 294.6759 
57348.7079217668 2.73134e-06 43.518769494968413812 0.00023251406868255440 10 241.0819 
57355.6950167168 2.73442e-06 43.5187443753041437 0.00022734465214977866 10 241.8611 
57362.7394505581 2.73568e-06 43.518805782397715735 0.00025258305402197756 10 278.3416 
57369.6840981313 2.73245e-06 43.518887891561637529 0.00023369653058119314 10 228.3536 
57374.6323204631 2.73153e-06 43.518815611970526062 0.00022680409453398976 10 198.5919 
57381.6880055684 2.71549e-06 43.518938253456359213 0.00020304413032810182 10 113.1988 
57388.6490473153 2.72953e-06 43.518940439349352876 0.00021750806023001029 10 206.9981 
57395.5821104715 2.69896e-06 43.518716923660452727 0.00016900382126061028 10 97.7108 
57404.6028037873 2.72963e-06 43.51871410983182643 0.00020639376324732767 10 206.6320 
57411.6117795724 2.72595e-06 43.518965605841822487 0.00017531455044113355 10 131.4505 
#57417.5708386276 2.72399e-06 43.517341418746124323 0.00015074406146461269 8 35.1165 
#57430.4707075240 2.71872e-06 43.517318376018094456 0.00010661424694368870 8 21.8616 
#57438.5506552055 2.72489e-06 43.517153745788192853 0.00013186260880343256 8 31.9093 
57452.4041802947 2.71933e-06 43.51889272709849087 0.00017905444811347344 10 117.9875 
57459.5096571820 2.72947e-06 43.51901242898977494 0.00015026786097601243 10 74.5073 
57466.3965510073 2.73532e-06 43.518760264322967447 0.00011968256180787957 10 59.1351 
57474.4070220239 2.73815e-06 43.51901314992089119 0.00015463477485729618 10 107.1357 
57480.3749638575 2.73738e-06 43.519001232714827045 0.00013807425761304772 10 77.0210 
57487.3451457350 2.72544e-06 43.519127662416779507 0.00012360947056109668 10 60.7138 
57491.3516310644 2.8073e-06 43.518908088447836723 0.00011711705234033067 10 35.9048 
57491.4029000973 0.000816046 43.519051801371344837 0.00011499770052644100 20 76.7737 
57494.3506031655 2.7325e-06 43.519281707485320928 0.00014667319561883338 10 94.7211 
57503.3260373533 2.73687e-06 43.518870470807733932 0.00014658209731109885 10 81.7371 
57509.2587463613 2.73274e-06 43.518684958927585312 0.00014946462359931553 10 83.1026 
57516.2580612174 2.73663e-06 43.518827438355134674 0.00015302320610727506 10 80.5511 
57519.2052225612 0.00153893 43.518877856344513839 0.00007179120518678518 40 69.5736 
57519.2888658401 0.00162307 43.518846778935684576 0.00007623731212831745 30 64.3622 
57519.3719731706 0.00174458 43.518744128437250929 0.00009429077519521295 30 67.0697 
57522.2948170962 2.72776e-06 43.518847906013963064 0.00016650026141132277 10 100.7421 
57524.1926605283 2.72625e-06 43.518952771159493325 0.00016776945295313739 10 92.7680 
57529.1988196229 2.71582e-06 43.518986197169099356 0.00017790068540000516 10 105.5843 
57536.1932406500 2.71873e-06 43.519118979182052999 0.00014408237387204478 10 66.5797 
57543.1922637816 2.7331e-06 43.518895387179177638 0.00014436155773138253 10 67.2034 
57550.1666167862 2.70253e-06 43.518761663508319218 0.00014054028262825528 10 70.5277 
57559.1341889283 2.6754e-06 43.518799689763553729 0.00015010776906459040 10 84.0048 
57566.1385074925 2.63286e-06 43.518869395070817006 0.00017427646971677051 10 119.4784 
57572.1257500225 2.60246e-06 43.518883752526461121 0.00016537639365924730 10 100.3826 
57600.0610230345 2.54204e-06 43.518191541352550952 0.00016939099243463637 10 127.2857 
57607.0272043481 2.57375e-06 43.518064296452359071 0.00016040370542860834 10 108.9580 
57620.9836562276 2.63795e-06 43.517910647165273345 0.00016278559497152407 10 111.6662 
57627.9866106646 2.62311e-06 43.51761802973316769 0.00015888223424585180 10 108.4533 
57635.9732650022 2.64676e-06 43.51750563671214065 0.00016852503152303683 10 141.6015 
57649.8289829609 2.7194e-06 43.517262856518368338 0.00016622585408721704 10 110.9813 
57656.8528423654 2.73621e-06 43.517218409426516222 0.00016662841003828031 10 128.7559 
57663.8443072273 2.73573e-06 43.517049952379558017 0.00016209705566896200 10 135.2836 
57686.8149809665 2.72772e-06 43.516980781975524578 0.00016205100314580894 10 144.4191 
57698.8204711414 2.71487e-06 43.516947489809389073 0.00016651503418101029 10 128.4773 
57704.7282756550 2.66074e-06 43.516894171734194493 0.00016568339399761924 10 134.9452 
57711.7490076618 2.71075e-06 43.516753635048784979 0.00017067647574905292 10 146.1989 
57717.7017756906 2.72272e-06 43.516786876095956863 0.00016706976038958189 10 141.0394 
57725.6801406782 2.66776e-06 43.516888182788020546 0.00015591233686061012 10 134.2409 
57731.6851643350 2.72066e-06 43.516783136471195444 0.00016837227903037833 10 172.6452 
57739.6774969056 2.68532e-06 43.517101289101080466 0.00017601695737415028 10 159.8117 
57745.6066303996 2.71685e-06 43.51688504011907771 0.00018073364252774952 10 209.3910 
57752.6100003239 2.74018e-06 43.516775064448932491 0.00017740416779621189 10 145.3251 
57760.5713225050 2.71929e-06 43.516681065333270306 0.00019413853375870548 10 198.4558 
57766.6205075359 2.72223e-06 43.516821470671429473 0.00018418255979207025 10 89.5369 
57773.5848880088 2.70694e-06 43.516930213397677241 0.00018724327668556313 10 174.9665 
57781.5800399766 2.75525e-06 43.516868061436167554 0.00017082734517613482 10 86.6689 
57789.5179806707 2.75254e-06 43.516857276419802062 0.00017912804502474641 10 81.4444 
57794.5352051988 2.72473e-06 43.516862031379827617 0.00022265626750466786 10 210.9023 
57801.4641148839 2.71657e-06 43.516983007214616656 0.00019341896432317610 10 196.9614 
57810.4725318260 2.71755e-06 43.516835983207274016 0.00019948736225053169 10 183.7886 
57815.4810443155 2.78184e-06 43.516663044906743946 0.00021720271027221328 10 60.6691 
57822.4747348661 2.72421e-06 43.51687665126953657 0.00023167793096785786 10 207.5532 
57831.3696666706 2.71486e-06 43.516934518994232328 0.00020040802567552248 10 144.9671 
57837.3668905725 2.77261e-06 43.516867874271278629 0.00020557061835070292 10 108.6419 
57844.3829086104 2.75699e-06 43.516670832415076581 0.00021059152737064693 10 105.9251 
57860.3294848332 2.71912e-06 43.517014708307581561 0.00024507614167316630 10 216.4184 
57866.4066425396 2.75896e-06 43.516983227088786794 0.00027813056377423993 10 209.1933 
57872.3493471524 2.73327e-06 43.516881235946115406 0.00029247494208128313 10 273.7851 
57880.2461288967 2.72233e-06 43.517009032441021425 0.00027265777718283186 10 231.0206 
57887.2751175556 2.7276e-06 43.517053078931469696 0.00030566857939023890 10 273.2887 
57894.1911564647 2.70581e-06 43.516951067144486593 0.00027777194400978284 10 219.5202 
57902.2010176492 2.71829e-06 43.517023171848091389 0.00028559306428043639 10 203.3340 
57907.1871725900 2.71813e-06 43.516886472132405607 0.00026529653774381762 10 172.9450 
57915.2009315129 2.70752e-06 43.516758916812323135 0.00028119685638771427 10 188.5180 
57923.1580150743 2.63787e-06 43.516714985651101029 0.00033397465581306554 10 305.9500 
57928.1095528294 2.59949e-06 43.516878487602819972 0.00029505417086090002 10 235.9615 
57935.1064753939 2.6377e-06 43.516719218171993989 0.00030636729720651259 10 240.9222 
57950.0752887283 2.61077e-06 43.516944349107136918 0.00032687544172887241 10 349.4489 
57956.0797786519 2.63126e-06 43.517241843192600286 0.00030882123309878564 10 250.3070 
57963.0257647203 2.65504e-06 43.517152509955925245 0.00030454667550162045 10 213.9214 
57970.0254037974 2.63279e-06 43.517261138922585732 0.00031306268686074251 10 215.8829 
57985.9928684925 2.63711e-06 43.517363597411264385 0.00030581309073971868 10 199.2819 
57991.9531683371 2.71074e-06 43.517410923360615674 0.00031714286653415202 10 210.6998 
58004.9055677268 2.71638e-06 43.51750853443384557 0.00030753861541001239 10 201.7993 
58013.9256218518 2.68748e-06 43.517611802665537878 0.00032188178370046465 10 266.3918 
58019.8950683153 2.72024e-06 43.517936099193001188 0.00033706127636390723 10 248.8224 
58026.8525647626 2.71945e-06 43.517837993215588554 0.00031586854265261443 10 176.0255 
58032.8729658827 2.72124e-06 43.518096351671806721 0.00029304717474639417 10 156.3064 
58047.8221531961 2.72761e-06 43.517956209138860299 0.00030981960823790386 10 178.4626 
58055.7757378533 2.73584e-06 43.518182436879589571 0.00031758416735657916 10 172.1161 
58068.7569159721 2.73034e-06 43.51815195788876792 0.00027135593995566813 10 120.9295 
58071.6786530044 0.00941088 43.517933484605474087 0.00018587724154781851 20 95.0291 
58071.7913883848 0.0407671 43.51806320537932863 0.00014402620147176240 30 93.4001 
58071.9124286970 0.00437183 43.518062110350635218 0.00017508509478907642 20 54.4891 
58075.7291725318 2.73165e-06 43.51828452382917994 0.00027528493653092154 10 142.1772 
58082.7004817788 2.67295e-06 43.518107304455521011 0.00024918632922457619 10 90.6612 
58088.6922603177 2.73038e-06 43.518192997119282732 0.00027910406252204192 10 131.7086 
58097.6838233532 2.73189e-06 43.518016251733296601 0.00023830506988554507 10 95.8430 
58104.5699373341 2.76004e-06 43.517993663872088766 0.00025084831801659496 10 66.8535 
58109.6188784887 2.71616e-06 43.517919668164667241 0.00024911164635762941 10 121.2354 
58112.7455587642 2.65975e-06 43.517732113950508537 0.00019954291717537358 10 23.8686 
58112.8277618018 2.6673e-06 43.517678516441068531 0.00024213799740225211 10 51.2007 
58112.9531824223 2.6352e-06 43.517456139889099859 0.00026857514797869647 10 10.8586 
58113.0787652762 2.34195e-06 43.517906133308421637 0.00031557973589346077 9 1.7544 
58113.2010504373 2.60632e-06 43.51755647390251696 0.00020208607727009790 10 1.0091 
58113.3246758538 2.56372e-06 43.517501472427231143 0.00020156537594586814 10 7.2306 
58113.4500774434 2.64795e-06 43.517681366966778144 0.00020327531043117764 10 44.9358 
58113.5745691985 2.65507e-06 43.517874734523317705 0.00022947161742547636 10 131.0072 
58113.6618393346 2.66092e-06 43.517946574372675918 0.00021507974341544600 10 50.1949 
58113.8310197070 2.61379e-06 43.517683933282276364 0.00019738103140341895 10 30.5711 
58113.9463806758 2.66304e-06 43.517512570292934595 0.00025269094298231693 10 10.9884 
58114.0719822427 2.33132e-06 43.517618382435150012 0.00018751294358568439 9 0.6484 
58114.1954204492 2.60937e-06 43.517637659406719131 0.00028729739071652852 10 1.8876 
58117.6249961342 2.6551e-06 43.517732254336851307 0.00025730945673981079 10 123.1769 
58125.6152698817 2.73105e-06 43.518052547964708673 0.00023298801825318751 10 99.5583 
58131.5750114896 2.77465e-06 43.517881609174142225 0.00022674113576028266 10 61.0710 
58138.5460569120 2.7285e-06 43.517971486671203844 0.00021632011415337741 10 50.4136 
58146.5551287587 2.67079e-06 43.51820587740896688 0.00021772373215457914 10 78.3229 
58152.5825262117 2.72212e-06 43.518253845911446746 0.00020719774028886623 10 83.0840 
58159.4789927422 2.71112e-06 43.518063769913154972 0.00020832305251507514 10 60.4532 
58166.5249150727 2.7262e-06 43.518246605749618429 0.00019164049449921485 10 67.0949 
58173.4599740427 2.8395e-06 43.518381278824494012 0.00022930389170786324 10 100.9886 
58179.4543048469 2.71699e-06 43.518213081255055354 0.00018649012323488295 10 66.8859 
58188.4270814492 2.73242e-06 43.518298022969577787 0.00016148397466520068 10 56.2365 
58193.4510991910 2.72432e-06 43.518218143448011599 0.00020211909349866517 10 81.2687 
58201.3684536207 2.72824e-06 43.518248656767389921 0.00018138331658470032 10 66.8484 
58209.4191067871 2.65374e-06 43.518206990519620186 0.00019528112326646786 10 86.7228 
58215.3460524938 2.73094e-06 43.518374478809511468 0.00019462788422859684 10 63.8517 
58219.3505487842 0.00264517 43.518310753554822819 0.00012532141680838830 20 59.7965 
58223.3405580312 2.72864e-06 43.518395761314115536 0.00019020431243387711 10 72.7473 
58230.4104590364 2.79408e-06 43.51830048357997054 0.00019664562013589100 10 35.7782 
58230.4924365878 2.78431e-06 43.51819558437880613 0.00015296940140479060 10 10.8932 
58230.9999442983 2.72575e-06 43.518240459427333253 0.00029472084545510707 10 5.5330 
58231.1032479707 2.79726e-06 43.518149016517741045 0.00013210918622295906 10 7.8548 
58231.2102225189 2.75046e-06 43.51809080744649718 0.00019332633997314990 10 40.9222 
58231.3193968193 0.00392273 43.518236241386535058 0.00011999515391232683 20 51.6395 
58235.0783688748 2.78195e-06 43.518003529856005538 0.00024108401204153208 10 14.3200 
58236.2507838238 2.65025e-06 43.5183638449107307 0.00017555010975997925 10 47.0202 
58236.3155666408 2.80266e-06 43.518144029222371284 0.00016770935970222692 10 56.9257 
58243.2365598102 2.73264e-06 43.518454510409623762 0.00020036549484019688 10 67.0149 
58244.2878097043 2.79251e-06 43.518218043837434798 0.00017058165812916900 10 53.4999 
58250.2543558034 2.75705e-06 43.51837557555240522 0.00018915419895439321 10 72.8640 
58251.2636961255 2.81652e-06 43.518192538519057808 0.00018444218556127535 10 60.8237 
58256.2528414247 2.73649e-06 43.518460555481490917 0.00021098175858418281 10 113.0516 
58257.2230284480 2.80975e-06 43.518266326086857729 0.00020288254528206517 10 49.2465 
58257.2926898609 2.81203e-06 43.518289304122764964 0.00017981513362649791 10 39.3676 
58258.9989447802 2.63821e-06 43.518224608196847448 0.00014711723353127976 10 8.7993 
58259.1110396654 2.72827e-06 43.518472997398739505 0.00018703405027396372 10 38.1419 
58259.2219131017 2.79383e-06 43.518435392664108249 0.00017286755438754119 10 55.3357 
58259.3309419861 2.80858e-06 43.518341914103428107 0.00015340452987341627 10 32.4418 
58259.4398774415 2.80693e-06 43.518114311101134973 0.00017978761196280773 10 18.1028 
58259.9754743683 2.6358e-06 43.51803454426094616 0.00020746531850049176 10 8.9251 
58265.2084957244 2.61016e-06 43.518294210179724539 0.00020864381897652638 10 90.9401 
58265.9971220713 2.81537e-06 43.517885058902900531 0.00018229277911980304 10 15.3183 
58271.1710874484 2.81456e-06 43.517893401353710484 0.00017396164846758777 10 48.4937 
58271.2398260299 2.73052e-06 43.518161797512230786 0.00020586278491124116 10 89.6858 
58272.4089803566 2.77107e-06 43.517859707279642322 0.00016750759857547015 10 13.2755 
58272.4925572702 2.79323e-06 43.517737543576636795 0.00023960254784374932 10 8.9451 
58272.5921440721 2.85437e-06 43.517395445339095473 0.00024679002908521117 10 2.6503 
58272.7109440931 2.25285e-06 43.517393432520734779 0.00058499181332984714 6 1.1956 
58272.8326729591 2.81844e-06 43.517531287489585625 0.00015907950215010753 10 1.5355 
58272.9489488974 2.78205e-06 43.517857824635429523 0.00020612884620431720 10 16.6775 
58273.0676427566 2.8268e-06 43.517871078307746577 0.00016970928353341968 10 35.8373 
58273.1853707509 2.80486e-06 43.517965889302311962 0.00016920446052031297 10 66.1376 
58273.2860605693 2.83222e-06 43.517896805571222495 0.00016693713050048672 10 33.5015 
58273.3465667193 2.81249e-06 43.517903729219006903 0.00022751301422429025 10 20.5954 
58286.1787434603 0.00896127 43.517873997446263213 0.00012874203661949787 20 79.3587 
58288.6583186634 2.37611e-06 43.516852881210315727 0.00041608368022478799 9 1.1801 
58288.7483390361 0.0130895 43.517486101888250692 0.00020705551553449198 16 2.4085 
58288.8164350901 0.00217148 43.51768327237147569 0.00023506849703665568 20 5.9466 
58288.8800974387 0.00520331 43.517837284537496133 0.00013612036988212419 20 9.2920 
58288.9897922515 0.0149249 43.517865536015344376 0.00011934276623721380 30 40.4571 
58289.0805540443 0.00701051 43.518070771925590614 0.00013166661932442986 20 59.0145 
58289.1776788590 0.00188171 43.51803031447112026 0.00013628405021159473 20 94.6228 
58289.3022117622 0.00211855 43.518017727766660292 0.00012620254003234250 20 37.4446 
58289.4062637863 2.34708e-06 43.517630155785659168 0.00020296103700131795 10 11.5629 
58289.4884908649 0.00394436 43.517761850682222788 0.00011549225611286502 40 3.3604 
58298.9965032490 2.8028e-06 43.517484739090426811 0.00019978500005425460 10 38.3559 
58299.7916180896 0.0107965 43.517612864716494651 0.00018582529405810949 20 6.9732 
58299.9968919076 2.835e-06 43.51754839007321287 0.00021962414603843983 10 51.1497 
58300.7745075668 2.82183e-06 43.517143696852545961 0.00031628913992382419 10 5.5543 
58301.1089258886 2.83171e-06 43.517369490015388612 0.00023494033799214173 10 118.6395 
58302.7124425317 2.75161e-06 43.51788842959938014 0.00024780503385320955 10 1.3047 
58302.8466411174 2.75544e-06 43.517548987878324051 0.00018616527641898665 10 13.3776 
58302.9858721813 0.0149935 43.5176867318161462 0.00013921144967439828 20 56.0103 
58303.0970218954 0.00230232 43.517765669595597128 0.00013274914996761801 20 116.2252 
58303.1985215059 2.75134e-06 43.517674034348597312 0.00020761691813011237 10 75.5784 
58303.2818052633 2.76585e-06 43.517665681250273839 0.00020034322542992263 10 34.9814 
58306.4753724311 2.83871e-06 43.516952297341444281 0.00044732731762032763 10 5.9455 
58306.7430096626 2.85022e-06 43.517081638530434391 0.00020095603693324308 10 1.8298 
58306.9529452091 2.81369e-06 43.517112678058496245 0.00018060458156209387 10 28.3896 
58307.0917307833 2.60566e-06 43.517524409612191573 0.00021525791001992585 10 115.4968 
58307.2761403042 2.81396e-06 43.517149844968783912 0.00018251388648263855 10 20.0263 
58307.4366006477 2.82177e-06 43.516763741553784201 0.00029043493400160496 10 6.4669 
58307.7700286240 2.81864e-06 43.516970351254127238 0.00018987298879106178 10 3.3400 
58307.9953259661 2.79734e-06 43.517198608816572418 0.00019205981459183820 10 55.0753 
58308.1119693198 2.82314e-06 43.517313046551707578 0.00016998328576970319 10 70.3787 
58314.0725727182 2.61463e-06 43.517672215381165261 0.00021729535161222610 10 112.7648 
58315.0537263909 2.84707e-06 43.517606489260551264 0.00018597501769661236 10 44.0860 
58315.1198475123 2.86907e-06 43.517522382528812393 0.00019130123382769633 10 41.4209 
58324.0487269091 0.00592931 43.517422798640669267 0.00013550128440784301 20 86.8272 
58328.0527444169 2.87032e-06 43.517343376944786267 0.00018435570723717129 10 79.4049 
58328.1626146530 2.83916e-06 43.517459524183578684 0.00017707278753848399 10 39.1450 
58328.2742734180 2.81093e-06 43.517183494913608641 0.00015210156014955703 10 10.9130 
58328.3825420622 2.81594e-06 43.517027853025807949 0.00053725796867068129 10 15.6272 
58337.7505040634 0.000469788 43.516960762169573519 0.00014284650712155286 20 7.2573 
58337.8296196973 2.37653e-06 43.517146754552268023 0.00022774502480497601 10 36.5836 
58340.7656214836 2.80847e-06 43.516481336131065338 0.00024745527025324903 10 17.7298 
58341.2854554584 2.78382e-06 43.516632788593099027 0.00025358213850487909 10 8.9207 
58341.9860564299 2.76108e-06 43.516847232177988277 0.00018075648360627394 10 70.7337 
58342.0921882870 2.8343e-06 43.516808787963586726 0.00018374334721867449 10 45.9810 
58342.2762646189 2.76584e-06 43.51698028974384112 0.00021926964552021564 10 9.2856 
58342.7761502574 2.82877e-06 43.516416318186364524 0.00022448982801197468 10 18.9920 
58342.9944094185 2.62791e-06 43.517030413723940166 0.00017883042607395866 10 75.5307 
58343.1369739211 2.80197e-06 43.516671415345792567 0.00019708368774659640 10 44.5168 
58343.2289715752 2.80663e-06 43.516647367096884802 0.00020638043880123616 10 12.7677 
58354.9781219452 2.86246e-06 43.516638197870117045 0.00017727158301433625 10 86.4136 
58355.9508564144 2.71768e-06 43.517031748970428442 0.00019382903639117996 10 78.4562 
58368.8344266631 2.82362e-06 43.516679989997713827 0.00015233653709952549 10 29.6525 
58369.9432662462 0.0139379 43.516734211145303254 0.00012533915502677308 20 82.1427 
58370.0575774099 2.71377e-06 43.516590402185141736 0.00020966279734892148 10 39.9756 
58370.8107271709 2.77139e-06 43.516639087653997089 0.00018298616531002302 10 39.1967 
58382.8783721164 2.80482e-06 43.516264731431020571 0.00018234099752757667 10 101.8041 
58384.7088337882 2.64083e-06 43.516381319988806684 0.00017886302052735249 10 33.5920 
58384.9226202039 2.69291e-06 43.516489787848192033 0.00020129436765838887 10 116.9385 
58393.8703733772 2.81662e-06 43.516205575775468533 0.00017059404029797179 10 91.2697 
58394.8606891397 2.71257e-06 43.516373420732605698 0.00020718886615164785 10 137.3631 
58396.8814289833 2.86576e-06 43.515972387603701788 0.00017544681071997035 10 99.5444 
58397.8478591373 2.71803e-06 43.516394121988909098 0.00020982061100982343 10 127.2549 
58403.8278576676 0.0126951 43.516261252771980858 0.00011584425988599922 20 82.5620 
58438.8537869579 2.77001e-06 43.516401037612868045 0.00030098716905143898 8 43.4665 
58439.7397650866 2.71619e-06 43.516704051586644793 0.00014020268786097111 8 30.2861 
#58440.1143515967 2.79693e-06 43.517713151526765846 0.00031046436517769558 7 1.1085 
58440.5006489960 2.81862e-06 43.516766587012834542 0.00018328201932158182 8 4.7452 
58440.7291615718 2.7951e-06 43.516468653780366983 0.00024114140556033998 8 81.1562 
58441.1241601521 2.85487e-06 43.516257669955603647 0.00054843694581119620 8 7.7692 
58442.6847271712 2.49763e-06 43.516441018444658367 0.00026079264512063121 7 59.1190 
