#_MJD RANGE DM DMunc nToA chisq
56724.5027543124 1.11909e-06 151.13124003373336211 0.00504604244926303187 4 0.3223 
56738.4639025325 8.91931e-07 151.14130676065665571 0.00243230778596901500 4 0.0699 
56739.4707440569 1.59467e-06 151.11973466719548907 0.00493637490556335812 4 0.2639 
56759.3505863939 1.15222e-06 151.12484613686137555 0.00530804603358066372 4 0.3662 
56767.3992694398 1.4542e-06 151.14032750513050404 0.00685787651334866018 4 0.5149 
56780.3541172619 1.03594e-06 151.13722234628998797 0.00775668443348347982 4 0.6516 
56781.3529431953 1.10872e-06 151.13002745196135738 0.00232791536305529054 4 0.0672 
56788.3373862333 1.33974e-06 151.13344176543832464 0.00851927598765403991 4 0.8022 
56795.0812289672 9.6134e-07 151.15069395530693321 0.00716130653791681449 4 0.2469 
56817.2103473497 1.06101e-06 151.12898652108951036 0.00245304356397036977 4 0.0877 
56822.1437312428 9.35106e-07 151.12423711224289555 0.00268778123789587377 4 0.1043 
#56830.2235674340 9.82876e-07 151.12215152615295108 0.01164187975702776767 4 2.3468 
56844.1818663503 1.61556e-06 151.13510166724197223 0.00884741310211130220 4 1.4483 
56858.1667363989 1.37814e-06 151.13243078801718672 0.00735002153874533305 5 0.7004 
56866.1628083388 1.15718e-06 151.11992471876311618 0.00518871727318226741 4 0.4347 
56873.1435063318 8.35651e-07 151.13180878323851312 0.00853954472762482458 4 1.0462 
56893.0439707561 9.5625e-07 151.13644175943485212 0.00538730384192218342 4 0.4806 
56899.0022224299 1.00779e-06 151.12721249267806389 0.00112871143664093013 4 0.0285 
56906.9931875408 1.0517e-06 151.14283920913818254 0.00130264572044034568 5 0.0438 
56928.9206176990 1.10745e-06 151.13050543536497111 0.00433887132103414133 4 0.3147 
56941.8229997019 1.80282e-06 151.14236444397217045 0.00628755661175914825 4 0.3834 
56975.7956280268 1.02889e-06 151.13649182048399477 0.00210555880682073088 4 0.0644 
57018.7159515072 1.69197e-06 151.14773243121709687 0.00140200555851209161 5 0.0416 
57040.6361015217 1.02338e-06 151.14800898990163697 0.01095054621918882705 5 2.2362 
57053.6311611338 1.83073e-06 151.1420799866331227 0.00856231740422949347 4 1.2364 
57074.5535397685 1.00886e-06 151.15022561894925306 0.01092505035472529293 4 1.4340 
57082.5278555954 8.79398e-07 151.14014411777494498 0.00995009046928684027 5 1.5203 
57089.5602820211 7.32787e-07 151.1503011732686282 0.00354790732544954567 4 0.1686 
57095.5236857855 9.40599e-07 151.13389160251205184 0.00585658365466015969 4 0.5211 
57102.4250836324 8.20452e-07 151.15811606116743186 0.01070917775690872174 4 1.8477 
57110.4299207228 8.37194e-07 151.14633697687066539 0.00608522017560549598 4 0.5010 
57123.4098621885 7.96947e-07 151.14657948470173245 0.00535561056646924934 4 0.5098 
57131.4283442846 7.86018e-07 151.14279253368323225 0.00412666997964486991 4 0.2968 
57138.3689750807 9.34499e-07 151.15287370656378887 0.00650232124974733233 5 1.0067 
57152.3608934836 7.55979e-07 151.15619542587460995 0.00631722348677618648 4 0.8660 
57158.3029335974 8.72595e-07 151.15962685549299403 0.00149310060879388187 4 0.0426 
57167.2923588964 1.09605e-06 151.14965283491321547 0.01086370424728508137 4 1.9800 
57173.2692262193 1.24667e-06 151.1409884426728317 0.00448625277769725689 5 0.3628 
57188.2554552107 9.14948e-07 151.14644255452677582 0.00708091994790963335 4 0.9194 
57201.2025236861 9.16658e-07 151.15396507883173127 0.00367090220363438515 4 0.2685 
57207.1709556245 1.58549e-06 151.1511153930653487 0.00126283638698235982 5 0.0475 
57215.1961963774 1.51699e-06 151.16857711385386967 0.00430069850842654169 5 0.4499 
57228.1332391781 8.7365e-07 151.14945092558748778 0.00976979169307086621 4 1.3927 
57237.1172680060 5.36766e-07 151.15654402493480292 0.00261932346756934501 4 0.1420 
57242.0964466394 6.90725e-07 151.16528693001956035 0.00493755079888096981 4 0.4246 
57258.0728639993 8.19746e-07 151.15804017567417777 0.00972229149819718932 5 2.3823 
57264.0511920524 5.68692e-07 151.16895857471557706 0.00720387865301613719 4 0.9779 
57270.9855694652 9.4037e-07 151.15824069081377973 0.00407951128619388637 5 0.4997 
57279.0125511305 7.80554e-07 151.16455617439238386 0.00217751299428107538 5 0.1257 
57290.9627346839 7.98897e-07 151.16586310526919898 0.00267972375167212879 5 0.2303 
57299.9487521238 7.98849e-07 151.17082383098432918 0.00072675456057086645 4 0.0095 
57313.9148054306 9.30377e-07 151.1595698780527737 0.01216832059671279533 4 2.5877 
57319.8869090047 9.37827e-07 151.15919462037343975 0.00617385412878533168 5 0.9602 
57327.8519587824 1.00129e-06 151.18447906597221568 0.00051007224015226578 4 0.0053 
57332.8554762532 9.74636e-07 151.18008352883692746 0.00404979513204831252 4 0.3075 
57340.8381219006 1.39759e-06 151.16532617721950889 0.00339208984608727884 4 0.2095 
57348.7898011823 1.03542e-06 151.16646543228217996 0.00547969357331789478 5 0.6802 
57354.8075825952 1.19947e-06 151.1720817186956529 0.00577764271555514589 5 0.8016 
57357.8965129449 1.40718e-06 151.16321231172972211 0.00536477031066644964 5 0.7414 
57361.8013143038 1.35241e-06 151.15794311055792085 0.00421293152249686484 5 0.3948 
57367.6909973303 9.36001e-07 151.16606457889399251 0.00784308192194404195 5 1.6552 
57374.7103006611 1.02775e-06 151.1578043378640665 0.00489649106173094695 4 0.4257 
57382.7335328036 1.14472e-06 151.1695909158957299 0.00642984450566775560 5 0.9350 
57389.6564978217 1.77798e-06 151.17342235165385082 0.00550802164467877574 5 0.7598 
57397.6791434276 7.34672e-07 151.15786399330887801 0.00514262398813560874 5 0.7743 
57402.6227310537 9.8722e-07 151.16232681014451691 0.00584211307589824810 5 1.0331 
57410.6465636659 9.93627e-07 151.1769312551574308 0.01119273746449016803 5 2.8362 
57425.5736884489 1.02342e-06 151.17496770566889085 0.00612969677001719716 5 1.0644 
57430.5611284490 9.60892e-07 151.17821808287257396 0.01077422062089801631 4 1.9640 
57437.5811067275 1.06515e-06 151.15205975752942179 0.00007368376127109723 4 0.0001 
57445.5367899469 8.82901e-07 151.16452568092975567 0.00522252528098192392 5 0.6852 
57452.4861204209 7.91344e-07 151.17464875827291042 0.00775179300080839403 5 1.8377 
57460.5666746989 7.35166e-07 151.17598065179230497 0.00877261106481540959 5 1.9115 
57465.4707899407 8.75087e-07 151.16561792889404826 0.00452896536472508632 5 0.3250 
57475.4576567496 7.67461e-07 151.16714278926430813 0.00334610565875237279 5 0.3892 
57479.4451476117 7.37407e-07 151.17240301725084053 0.00170325765763382837 4 0.0593 
57488.3757114259 1.73932e-06 151.16514682768654307 0.00871270291268149387 5 1.6198 
57493.3746586342 8.14103e-07 151.16902167933233737 0.00656405345216254637 4 0.8963 
57501.4340820534 8.21077e-07 151.15537656121425819 0.00362659999437198351 4 0.2409 
57509.3407285294 9.59069e-07 151.16332208637360041 0.00490348358694297180 5 0.6598 
57515.3571079304 7.87899e-07 151.17198024428503209 0.00271548412444892143 4 0.1566 
57524.2747148131 9.77656e-07 151.17606748082768574 0.00448500065185894210 4 0.3793 
57529.2802847018 8.37226e-07 151.16054670615035616 0.00516920819514915097 5 0.6911 
57537.3354529563 7.32078e-07 151.17191849511512307 0.00322241080886105560 5 0.2403 
57545.2047237083 1.21528e-06 151.16984835497263502 0.00282720670205992633 5 0.2386 
57550.2487806758 7.22539e-07 151.17520530288008462 0.01205831313118992110 4 2.1777 
57558.2174942054 9.54729e-07 151.16466414947400324 0.00293595612505402701 5 0.2603 
57565.2117758563 9.47315e-07 151.17251592558231045 0.00775384122576479751 4 1.2315 
57571.1902439696 1.44776e-06 151.16905200028133369 0.00397816220573956204 5 0.4437 
57593.0789297929 8.08097e-07 151.17036857821551137 0.00182330133476886914 5 0.1286 
57600.1431334026 8.15751e-07 151.1710725674188054 0.00734562087403438022 5 1.5876 
57606.0656545458 7.47601e-07 151.16552077817988659 0.00620166585280934341 5 1.2879 
57613.0758711515 8.13045e-07 151.17402554896984188 0.00388524546323933866 4 0.2797 
57621.0662971181 8.78073e-07 151.17405208528089437 0.00534360414656988563 4 0.4975 
57627.0578666705 6.88378e-07 151.17408347235577795 0.00595971317326807540 5 1.2538 
57635.0246568950 7.69258e-07 151.16672910184223909 0.00263762215013225217 5 0.2039 
57649.9153990399 1.33585e-06 151.16768900789715353 0.00736330054536611395 5 1.8296 
57656.9352440744 9.88308e-07 151.17921153230970852 0.00790975809149988170 4 1.4703 
57663.9268520410 1.02105e-06 151.17688817869019165 0.00677047041908018093 4 1.1556 
57696.8384728837 9.24276e-07 151.17740133575538598 0.00223454823892233704 4 0.1295 
57704.8107735280 1.4275e-06 151.17568083562434998 0.00233017636930409880 5 0.1840 
57712.8272694220 9.69572e-07 151.16751588603160181 0.00793841514878134737 4 1.4509 
57719.8341698608 1.03317e-06 151.16946636863537523 0.00465505363329568773 5 0.5329 
57725.7629811790 1.72868e-06 151.17339800631166809 0.00512715060873170266 5 0.8391 
57732.8017351195 1.47766e-06 151.17614346070736318 0.00428869232050875255 5 0.5094 
57739.7600897758 1.05247e-06 151.18295399013094285 0.00708715309759167054 4 0.8172 
57746.6777285606 1.61731e-06 151.17297810394019242 0.00575009919084838901 5 1.0928 
57753.6774950549 1.98357e-06 151.18167014834935499 0.00896085667634249732 4 2.0279 
57761.6947699385 8.00334e-07 151.16564039364484945 0.00440408140442629520 4 0.3978 
57768.6940835972 8.95157e-07 151.16924515955903002 0.00464181408670989466 4 0.4082 
57831.4526502650 9.65418e-07 151.18052615695401072 0.00231491054650395786 4 0.1185 
57845.4264570904 9.70926e-07 151.18176608439536113 0.00403845911538549662 4 0.2904 
57851.4877399132 1.51343e-06 151.17474432615414155 0.01014667007398020737 4 2.2121 
57859.4396060203 1.11128e-06 151.17755668930295043 0.00531891597854787426 5 0.8188 
57867.3243062358 9.56836e-07 151.1818101663275826 0.00278426597955303825 5 0.2864 
57872.4329374295 1.71036e-06 151.18389843650048357 0.00564764335594632530 4 0.7201 
57880.3288170173 9.95849e-07 151.17836198528749264 0.00398381122186878493 4 0.3636 
57886.3535544214 8.92011e-07 151.1836529672022182 0.00541960898149915563 4 0.6857 
57895.2455073646 1.19856e-06 151.17982154576647313 0.01269714229983527794 4 3.0998 
57900.3152579723 9.14337e-07 151.17957301016223147 0.00258362862505240147 5 0.2293 
57908.2837410502 1.06055e-06 151.18620611966592171 0.00788750641948528057 4 1.1784 
57921.2545517487 1.08434e-06 151.18098499937609201 0.00482343372213722699 5 0.7095 
57929.2092075489 7.9882e-07 151.18710143569922283 0.00666470611758706449 5 1.2946 
57935.1890274031 1.53427e-06 151.18629505352392475 0.00195017900319155359 4 0.1014 
57944.1384716254 8.75807e-07 151.18325002725644379 0.00377746156446379967 4 0.4190 
57958.0935875647 7.03385e-07 151.18115168146620601 0.00417899424327278831 5 0.8497 
57965.1289325124 6.9322e-07 151.18503470111380743 0.00402707056642683490 5 0.6191 
57970.1082366012 6.2196e-07 151.17945166815726463 0.00509255501657015011 4 0.7179 
57985.0047038431 1.01591e-06 151.19197750019014562 0.00543019761984071554 4 1.0419 
57993.0035183219 9.29325e-07 151.19383374643605221 0.00571059282723989422 4 0.8805 
58006.0594647154 6.28104e-07 151.18387337418231069 0.00753790730698053121 5 1.5857 
58011.9494822950 9.72708e-07 151.17667016902428589 0.00486704215085019109 5 1.0969 
58027.8743054602 9.63235e-07 151.19092849980481633 0.00112191714697004708 4 0.0329 
58033.8801429504 1.32544e-06 151.18752553873004769 0.00128532591870471487 4 0.0439 
58046.9001143687 1.3793e-06 151.18246605207543079 0.00133590674970458811 5 0.0575 
58053.8648160892 9.78842e-07 151.19804894290770796 0.00176865632296036479 4 0.0551 
58068.8325489946 1.52488e-06 151.18746206154192413 0.00618623297154669103 4 0.7887 
58076.8171504575 6.94828e-07 151.19625183693735745 0.00033568694000673290 4 0.0025 
58089.7909286101 1.77773e-06 151.19164986069115045 0.00221175060092221321 5 0.1683 
58096.7611641565 1.05265e-06 151.18871899803950144 0.00616916603134340293 5 1.2013 
58102.6984938754 7.68669e-07 151.18879469050797354 0.00698679090639882545 5 1.4874 
58109.7110155152 8.27626e-07 151.18902826023636352 0.00651342609907980871 4 0.7680 
58116.6887445146 9.87315e-07 151.18341321766437052 0.00154572303715900432 4 0.0442 
58124.6997775886 1.31208e-06 151.18214217476476956 0.00978234410508148355 4 0.9816 
58131.6592884268 1.20979e-06 151.18970580665899228 0.00447718402027320536 4 0.3699 
58144.6370375986 1.12725e-06 151.1871423785297559 0.00392395190458550824 5 0.4068 
58152.6656782564 1.24025e-06 151.19421985820545049 0.00392474984180816566 4 0.2576 
58159.5622391844 9.94551e-07 151.1905046450538305 0.01437578935955609316 4 4.0626 
58165.5700153304 8.7298e-07 151.19050914234606936 0.00414475878823970800 4 0.3771 
58174.5372038175 1.00216e-06 151.17597193005416077 0.00122978023602320443 4 0.0286 
58179.5324192862 1.06836e-06 151.19499690372402151 0.00567944038970446489 4 0.6035 
58187.4854323388 9.38337e-07 151.19558559095787761 0.00267831270668438199 4 0.1334 
58201.4512232982 9.7356e-07 151.18769366783818572 0.01083499988408040578 4 2.0651 
58207.4538956159 9.69634e-07 151.17679684642908389 0.00670871264675382360 4 0.4873 
58215.4288946283 8.76895e-07 151.20111018725643195 0.00733003863148594306 4 0.9441 
58222.3349292643 8.65715e-07 151.18081561613328853 0.01570706747540830811 4 3.6811 
58222.4073900930 7.97558e-07 151.20494998754972188 0.01137444034631856019 4 2.0822 
58230.4009995946 9.36652e-07 151.19964042407063129 0.00559452462219239659 4 0.4770 
58237.3235495340 8.78517e-07 151.18795907877472158 0.00727513171210390254 5 1.5590 
58243.3192771506 8.54241e-07 151.19270839067248868 0.01334881516731731103 4 3.4998 
58251.3355768944 8.95019e-07 151.20840718307720099 0.00731712233077806435 4 1.0399 
58257.2697857610 9.32148e-07 151.18527304948682766 0.00110589534263398365 5 0.0411 
58266.2383284920 9.09557e-07 151.20005084964545744 0.01556677675849144765 4 4.4437 
58273.2220548323 9.09749e-07 151.18909657666402069 0.00512245740310427692 5 0.7788 
58287.1921033945 1.12941e-06 151.19858418610174593 0.01004622188983995447 4 2.2249 
58299.1780449891 1.37263e-06 151.1995946984317655 0.00839379196165364848 4 1.2385 
58307.1757576390 1.33548e-06 151.20835816282328559 0.00873181929449213384 4 1.5305 
58314.1567566554 1.24602e-06 151.19394756048137748 0.01171994592443478291 4 2.2055 
58328.0839973501 8.10691e-07 151.19055376217036013 0.00326668752030053779 5 0.3346 
58357.0082131366 1.45477e-06 151.18846635721977133 0.00295910559528854943 5 0.2136 
58368.9928401639 1.27598e-06 151.18556456613985517 0.00839528154885240199 4 1.1274 
58384.0020462615 9.29202e-07 151.19067886677664811 0.01089093487796906866 4 2.1033 
58394.9432549266 1.23269e-06 151.19374291740409758 0.01149212562640657999 4 2.4327 
58396.9535329490 9.81341e-07 151.19620925689512936 0.00237963662464515859 4 0.1050 
58403.8988435174 1.65212e-06 151.1996252498547903 0.01108112165912741691 4 2.3051 
58439.8223115226 1.18303e-06 151.1925481451429554 0.00877936219383166142 4 1.2812 
58442.7593557698 1.16807e-06 151.19832999647742812 0.00838596526216331753 4 0.9595 
58455.7303384207 9.5752e-07 151.20094035557717201 0.00681532746775754053 4 0.8441 
58463.6689860404 1.11263e-06 151.18229457747944783 0.00379669790950382243 4 0.1750 
58484.7463427410 8.22474e-07 151.1975970508249878 0.00710438368702308743 4 0.7019 
