#_MJD RANGE DM DMunc nToA chisq
56886.9978606771 4.1545e-06 139.89947768882250653 0.67616051725998227440 9 182.6821 
56893.9769950170 5.18798e-06 139.6810730862798636 0.86824220577135868826 8 575.2283 
56907.9772063298 2.34659e-06 138.84154790082884365 1.01144890398001785492 5 248.8380 
56914.9318743833 5.49243e-06 138.27353594674696144 1.59102286372081302979 6 492.1557 
56921.9318710443 5.50082e-06 141.03306583390871151 1.01807636742885843084 9 434.5571 
56928.8867452324 7.10222e-06 140.38168270642143105 1.21373820958865064057 9 961.4286 
56935.8867792302 7.18741e-06 141.05676687866373373 1.14071031653575016840 9 617.4350 
56942.8868813306 4.87169e-06 141.92145058477885575 0.77909842358757841474 9 208.6484 
56948.8451425215 4.65433e-06 139.98029713371414126 0.35686727401554890760 10 109.3717 
56955.8034648102 7.03466e-06 138.80007053585931928 1.28472613360915244307 9 713.3433 
56968.7340375404 5.31139e-06 139.08565236238683646 1.71416965471848503633 6 990.6249 
56977.7757483977 4.28699e-06 140.72059374157749798 0.49889605824770050235 9 137.5125 
56991.7340384418 4.60624e-06 141.43012246479983526 0.98733347209482602569 9 635.5741 
56998.6923426460 3.97471e-06 139.71374064852177607 0.72628912417162017068 9 227.2127 
57005.7131997640 3.80499e-06 140.11347937696995616 0.51080833242050738274 9 156.3027 
57012.6681051291 4.08043e-06 141.18458182669117448 0.86965879866334105941 9 406.6037 
57019.6679652731 6.81349e-06 140.13981113668118572 0.72470429679465953043 10 384.7506 
57026.6227677261 4.07715e-06 140.15890011937117876 0.44688981632606084027 9 215.2531 
57033.5777664615 4.27799e-06 140.18020681078240458 0.66321301362469320395 9 334.3464 
57040.5777338889 4.97049e-06 140.7363356581762204 0.73514637360365531205 10 439.2379 
57047.5326989994 4.41511e-06 140.52660089313123726 0.79141818073281544610 8 449.0368 
57054.5326126639 4.43795e-06 141.59539046126881554 0.63716890100162859589 9 296.7910 
57068.4874724495 5.89691e-06 139.8629992316862278 0.87511579583072474087 9 349.4312 
57075.4944080229 5.59736e-06 139.28140976636391909 0.93211472034490383543 8 598.5993 
57082.4943726438 6.30823e-06 140.88765027253652803 0.65347457949607146155 8 279.2244 
57096.4487967331 4.40046e-06 139.96518948610883468 0.43673746005133218251 9 142.9274 
57103.4041757452 6.10899e-06 139.01659359254055057 1.07366388632439169193 9 948.8845 
57110.4041328606 4.29244e-06 141.32768593153013956 0.71635109503485605575 9 322.9665 
57118.3617717707 6.5588e-06 139.19052969382121207 0.78763020003477035580 9 507.9144 
57125.3449950279 6.80087e-06 138.90626122163528353 1.42476974820685220458 8 1108.4587 
57132.3242580318 6.34741e-06 140.72779937174036849 0.33264476050372260296 10 127.6890 
57139.3243573715 5.21073e-06 140.32882854303487247 0.39852788434689512265 10 122.2752 
57153.2551179637 5.22145e-06 139.30575510629588507 0.73416411302101036718 10 612.0128 
57160.2548673212 4.42687e-06 140.55761337309458756 0.60522560102574418650 9 269.3103 
57167.2549181370 6.33499e-06 140.29703746595710809 0.71066638187538422322 9 459.4625 
57181.2096086302 5.16204e-06 139.16429268858168009 0.77767988008284139045 10 455.2893 
57202.1229385652 6.9767e-06 140.17512645554004425 1.21154932939135795422 9 833.4320 
57209.1228195481 5.22886e-06 139.74581771386280635 0.94997725886903039427 9 864.0342 
57230.0777573897 5.64276e-06 140.96584260856323775 0.84667860794549876235 8 186.3501 
57237.0325983981 5.79005e-06 141.0191557482357185 1.12916089498327876228 10 970.9280 
57244.0326327652 6.00069e-06 140.65912756121685848 1.01589569736713891679 9 685.6843 
57257.9631514475 6.21454e-06 140.31798210583700617 1.07612379767646393347 8 377.0197 
57271.9631768452 5.72609e-06 140.6775954371372758 0.77584066393895922964 9 227.5808 
57278.9179909197 4.51264e-06 139.51248628821243167 0.56663190992474177232 10 197.7752 
57292.8728788026 5.13057e-06 141.03032221146270195 0.62240353174039531048 10 377.3575 
57299.8728945427 5.26094e-06 139.17709851957531994 0.86921251922435460724 8 404.2447 
57313.8277760858 4.42683e-06 141.77974440801812603 1.09541414088871036370 8 565.8673 
57320.7826516223 5.06209e-06 139.86835438902778403 0.99061861842462106686 8 606.7529 
57327.7826230647 3.22574e-06 139.39774268150024158 0.35808647174762175958 9 66.5569 
57334.7827010384 5.57174e-06 140.57420098014837484 0.57993189298223368766 10 287.6802 
57341.7825597536 6.70017e-06 140.05964064543771011 1.19790779322405582796 9 1030.7818 
57348.7374376740 6.47924e-06 140.17036852507263184 1.04249903493126461207 9 409.5007 
57355.7375067829 5.43196e-06 139.53233109071832505 1.11232569792115665308 8 1047.8080 
57362.6750212867 5.09075e-06 140.3170943120683888 0.99309724635478713317 9 778.5797 
57369.6749678100 6.92908e-06 140.14195917968232058 1.01338798512402328278 9 677.2487 
57376.6298146916 6.7947e-06 139.93374323112174798 1.07463497389937723270 9 932.0103 
57386.6297421270 7.13264e-06 139.08200838662675611 0.97953928614923913010 9 548.5441 
57390.6298027281 5.563e-06 139.07037368874445024 1.09550328417608167086 9 877.3865 
57397.5847287229 6.67701e-06 140.90815084288588119 0.82565305239752850852 9 515.7088 
57404.5846816749 4.44471e-06 139.85714240718758336 0.76194359202305306233 10 453.1165 
57418.5395107937 6.8029e-06 141.29516909819292411 0.38896766540438965087 9 133.5238 
57425.4944404938 4.02896e-06 140.50226975620619113 0.68546601011582763974 9 293.5991 
57524.2549075065 4.95625e-06 138.58340604674340643 1.54131125646005018304 5 549.4653 
57531.2547860239 4.62445e-06 139.65569784792263483 0.70376901645511291683 9 340.8665 
57538.2095550638 6.88923e-06 140.92929489686307651 1.98421392161946719135 9 1334.0164 
57545.2095718428 6.09884e-06 140.64279039226683163 1.11747811495490156908 8 708.0873 
57552.2090693458 5.02782e-06 140.05536479690472637 1.09587800413860914084 8 662.3372 
57559.1644876459 5.10219e-06 140.02464169525560964 0.81204006503051806565 9 356.6380 
57566.1645220878 4.91926e-06 140.74582334899545086 0.61581708697548176445 5 81.9752 
57573.1646534557 6.43622e-06 140.13685417590693766 1.11361335144934381347 8 668.2236 
57580.0777439472 5.93086e-06 139.62895058580827931 1.26731184047302347651 6 552.6634 
57594.0777009038 4.84909e-06 141.9654643326589972 1.21825064076064348839 6 917.0067 
57601.0777738882 6.66243e-06 139.88408845269370182 0.74607958785007522096 9 354.3012 
57615.0325401549 5.19066e-06 139.88426269937400967 1.28252755724904066170 8 1157.3155 
57622.0327859317 5.86072e-06 140.59769902892612492 0.59463343270388091533 7 77.1696 
57628.9457955783 5.29708e-06 141.52088647361025284 1.10660688877626345317 7 752.2089 
57635.9457611530 5.93553e-06 141.08175881593973175 1.29357610093486208314 9 821.0689 
57642.9457968619 5.84596e-06 141.26358120364765888 0.73803886627090042882 9 445.6419 
57649.9005648358 4.1791e-06 140.61083972593795804 0.89491933244041321771 8 287.1284 
57656.9006546611 6.49547e-06 141.15165886586025787 1.03072919817790498165 9 977.2464 
57663.8555688562 4.23666e-06 140.45182302563397594 0.75191813370195759170 9 350.2726 
57674.8381888538 4.72026e-06 139.61428723509147629 1.38479719843073079133 5 524.5391 
57681.8381917847 6.83171e-06 140.63756047135575331 1.49868641023876625340 8 1116.2936 
57688.8382516341 6.49707e-06 140.21521369242871019 0.80818140509910418867 9 365.8538 
57705.7652242158 5.6147e-06 137.92675116771354368 1.55037438970209251465 7 808.5961 
57719.7200042668 4.41141e-06 140.88003428326105984 0.79114680933752312697 9 324.5411 
57726.7201293715 2.2065e-06 139.48188966832815469 1.14263084342106369107 5 191.3071 
57733.6756286742 2.18248e-06 140.36027643141443613 0.44444069807131952876 4 44.5698 
57740.6755665675 4.37424e-06 140.94257764712791378 0.56724550209188884242 9 259.3209 
57747.6513414510 6.88532e-06 139.57820873489094124 1.12446387950371384790 7 633.3780 
57761.6061352066 6.66275e-06 139.07895928525545778 1.12020536560343852983 8 970.8956 
57775.5541839590 6.6106e-06 139.72692590326880177 1.17381105078052305757 8 506.2755 
57782.5541884684 4.04914e-06 140.52626139727572244 0.57389002371507447098 9 300.9803 
57796.5542048875 7.04623e-06 140.52526386830746888 0.96999237362556656183 9 515.0703 
57803.4639538856 5.13566e-06 139.75670254251554211 0.81816146534746336805 9 407.4743 
57810.4638725213 5.55625e-06 140.6205817494201662 0.37174408544046239067 10 81.9498 
57817.4638748839 5.27793e-06 139.42066231544963748 0.86394029030817420800 8 432.1632 
57824.4042080521 5.29373e-06 138.51073492168671639 0.85448311888463701624 8 479.7207 
57831.4041269742 6.69316e-06 141.23964656845644336 1.08493649599181174459 9 738.6896 
57838.4041145662 6.46495e-06 141.38627860100267095 1.33787805739643284042 9 1106.7574 
57846.3277422452 6.91123e-06 140.66293034011488014 0.65140050684137251746 9 460.2280 
57853.3277687667 5.04119e-06 139.21492611768263389 0.68114657852464821630 10 363.8907 
57860.3277003449 4.36243e-06 140.31054289442044454 0.65001386573692043758 9 176.2968 
57881.2583340172 4.41005e-06 140.80157697035635014 0.79555503578929531727 8 435.0719 
57888.2582846497 7.13099e-06 139.81370468402337312 1.09802943916320772111 9 752.4204 
57895.2582999268 5.75195e-06 140.70839546831303199 0.52576930423930112735 7 291.4074 
57902.1922469090 4.74739e-06 141.06788751389194345 1.04410124911471124953 9 795.8385 
57909.1922798151 5.92263e-06 138.14866965627522064 0.83000780940596585733 9 483.7324 
57916.1922673716 6.40817e-06 140.38582222203951683 1.12943784293052851275 9 1135.0440 
57930.1470964434 4.10218e-06 140.88879246441694246 0.58336367887688966860 8 103.4733 
57937.1471171313 6.12093e-06 140.80075372309210349 0.57149252018845997370 7 189.3948 
57944.1230595880 3.42714e-06 140.0078925565800981 0.19662094567422269686 5 15.5504 
57951.1228999583 5.78532e-06 138.79797732067486246 0.86614060295385242316 10 597.9083 
57958.1229782302 6.76166e-06 139.74517051174714286 1.30161416901344573205 7 853.6243 
57965.0325962850 5.52893e-06 139.65539095805855893 0.67806424113813135168 10 266.6577 
57985.9458356589 5.82603e-06 138.81403464186551452 1.13400177370161059365 9 888.1094 
57999.9456993916 6.40929e-06 138.04683314638930622 1.09207313835188424278 7 517.1786 
58006.9457873923 5.51709e-06 140.01459903671045507 0.22010047511272096132 8 29.3840 
58013.9006542774 5.02142e-06 140.5000174814615175 0.36499299733559664727 6 41.8056 
58020.9006053701 7.26253e-06 139.16079502921694164 1.14827899888280571261 9 1190.6735 
58027.8556057077 4.44435e-06 140.58383526103825359 0.94362602531868822187 8 394.8948 
58034.8555785940 3.9022e-06 140.40400255648438643 0.18070096182501757531 8 21.6298 
58048.8103677827 3.98028e-06 140.41753175482344335 0.65888173542767158875 8 457.4221 
58055.8103368170 4.79763e-06 140.40979334814169062 0.73564436155508750037 9 335.9376 
58069.8104629707 5.94876e-06 140.91567501718985908 1.34783600262419711591 7 411.0882 
58076.7652283185 7.0428e-06 139.3568525428270187 0.86850589455050541954 9 448.0395 
58083.7200320477 5.77853e-06 138.80058662360131314 1.22156169413445137018 8 1113.0217 
58090.7200579122 4.24508e-06 141.17068044212685149 0.74527829504704223851 9 391.2051 
58097.7201449799 5.42451e-06 139.72471946107579407 0.98408259063702518965 9 738.7880 
58104.6749823452 4.1231e-06 140.83681741318956296 0.60648010230831284062 8 497.1283 
58118.6297992055 3.89055e-06 140.49137801091809112 0.34971121288910356206 9 140.3009 
58125.6297699876 4.85917e-06 140.46552299173872706 0.50241506679479341901 9 166.6860 
58132.6298205083 6.68212e-06 139.7167555195243179 0.63277512126883950216 9 352.2388 
58146.5846605642 5.34332e-06 139.83074784348313055 0.73219209686578912155 9 640.4326 
58153.5395456392 6.71567e-06 141.23479267925407896 1.10274663701206132593 9 1512.4881 
58167.4953393120 5.41026e-06 138.86321551688006201 0.87360126236706836522 10 858.7352 
58174.4951093219 4.64867e-06 140.8847026744805144 0.52473440609892729736 10 302.4974 
58181.4950758086 5.49947e-06 138.76716637268936724 0.78554089822329919990 10 625.8079 
58188.4533961837 6.51012e-06 138.72550253044364252 0.99250343409768293501 9 884.7288 
58195.4535574070 6.73719e-06 140.11613122053299588 0.71893797953885063556 10 580.7163 
58202.4117677716 6.74146e-06 140.30016291617805335 1.08127072300024318352 10 949.1364 
58209.4118038209 6.2389e-06 140.16375371776019626 0.91565777836472295181 8 522.6392 
58216.4117908023 4.61836e-06 140.38524315083797085 0.54679072965404762474 9 171.1714 
58224.3394834309 6.49963e-06 140.15262267662261619 0.90706160800207846773 10 1322.5697 
58231.3388270159 6.57631e-06 139.27655181286212302 0.96451977067118543907 10 751.4335 
58245.3216971506 5.23084e-06 140.881949971175266 0.48525310634494922546 6 239.0671 
58252.3214487146 4.53621e-06 141.12596961237366841 0.51388590112019927325 9 181.0720 
58259.2380376380 3.3232e-06 140.78351872592525404 0.28157902074069574017 4 56.7453 
58266.2311046663 4.78659e-06 140.13492811001839203 0.26445062374246047776 9 14.5511 
58273.2311475422 5.24831e-06 139.65960756848134636 0.60064680811073078992 9 377.5633 
58287.1895342512 5.3292e-06 140.56784648189707435 0.31218905069097302452 5 33.8976 
58308.1061705233 6.35484e-06 140.25632392245161564 0.46212105297235411827 9 248.6699 
58314.0333038705 5.14025e-06 139.98224558372698309 0.53789698801369312253 9 353.7352 
58342.0072646706 5.52044e-06 139.36617386173014008 0.52112800442674522827 10 255.1496 
58369.9255851989 7.00134e-06 139.42813861205234524 0.72562400374699753680 10 534.8945 
58383.8805072451 5.31299e-06 140.38245843010572408 0.55494216320638745099 10 386.4245 
58393.8597698384 5.83984e-06 140.1946087353851999 0.98046008833854214615 7 714.7397 
58397.8597775971 6.83966e-06 140.33400349336337709 0.86958687321723271424 10 755.6004 
58404.8596984706 4.02548e-06 140.52502434075539417 0.32711156586281758818 7 55.8697 
58439.7590076351 5.15224e-06 139.27578754271025127 0.77067178962998550418 9 759.3615 
58449.7172937891 5.2562e-06 139.58823692575463946 0.59223588402072258052 10 381.0719 
58456.6964100889 7.1226e-06 139.88318563032487571 0.84205524185412949922 9 763.7106 
58463.6964883493 4.17339e-06 140.82167330041058514 0.52085582109618544511 8 157.9764 
58470.6513596918 4.08572e-06 140.80848036590960617 0.43010460250661519677 9 155.0011 
58477.6513345758 6.50394e-06 141.27547760154117293 1.15006496633852073330 9 1342.0918 
58491.6096380487 5.2857e-06 139.25770477140913459 0.83958410050044873785 9 507.2557 
58498.5645703271 6.89255e-06 140.69537066591438132 0.78686278715703805720 10 522.1339 
58505.5645509001 5.46974e-06 138.26288016862210992 0.97102543579032962739 9 807.2900 
58512.5645512604 5.5794e-06 139.22704732686736193 0.72421215142063977144 10 684.5804 
58519.5193671637 4.3624e-06 141.23170727224193197 0.64304871491008219753 10 288.7985 
58526.5194548020 4.91086e-06 140.65625937536602083 0.38700283360819187628 10 210.6692 
58532.5194228802 4.34843e-06 141.26906090261961144 0.71024325946365440831 8 309.5345 
58540.4742298005 4.26817e-06 141.09410450412040325 0.36027999291168755214 9 196.7282 
58547.4742503070 4.17055e-06 140.52280241771961936 0.39572438313422236833 10 188.0183 
58554.4325578205 5.27989e-06 139.40198782555940424 0.82785025143422463767 9 846.2150 
58561.4343396201 4.29268e-06 141.05948649678199189 0.42520916347044451777 10 258.2202 
58589.3632087143 6.33511e-06 140.49721504851565117 0.46061922073326749816 10 239.0235 
58597.3632495086 6.3778e-06 140.97588884940376683 0.68967407899793753412 10 651.8510 
58604.3630528646 6.75248e-06 139.65051304383892025 0.63900649305694445790 10 304.5901 
58611.3075679417 6.92502e-06 140.14992802554281831 0.75289819448386441358 10 850.9148 
58625.2659496165 3.90068e-06 140.58183852510209658 0.42697243632464454421 9 210.0899 
58632.2659604194 6.53316e-06 141.55907577817667117 0.76602840511415715152 9 786.7309 
