56851.4804653244 2.3249e-06 18.972076053730103792 0.00051816359359608763 5 0.4057 
56865.4387822023 2.19265e-06 18.972140727719788421 0.00066235069368051063 7 0.3989 
56886.3971587438 2.32245e-06 18.972133074083434943 0.00027672709376645743 10 0.1221 
56894.3380024691 2.32009e-06 18.971758047057471019 0.00068806999253525247 9 0.6618 
56908.3381936377 2.32352e-06 18.971278795844450454 0.00051670923105317785 9 0.3201 
56915.2930717190 2.32284e-06 18.971197079847151519 0.00064422460253383944 9 0.5171 
56922.2929946144 2.31955e-06 18.971301101922305104 0.00121951337874891871 6 0.9360 
56929.2478527786 2.19155e-06 18.971619590628377036 0.00078065987207362757 7 0.6293 
56936.2478460794 1.73815e-06 18.971415034337121565 0.00076463481986403575 7 0.3697 
56943.2478691100 2.15624e-06 18.970976765818475054 0.00106653126125501167 8 0.6605 
56949.2478546849 2.02275e-06 18.972048536446242117 0.00128727246780811723 7 1.1601 
56956.2061861525 2.02543e-06 18.973097426295743704 0.00095184372240374984 6 0.3959 
56969.1159205597 2.32482e-06 18.972492459279346895 0.00126076463578165686 7 0.8739 
56978.1576291742 1.70218e-06 18.971154113567033329 0.00036009309981304398 4 0.0195 
56992.1159934173 2.16122e-06 18.972233115481245859 0.00094619488208052605 8 0.9600 
56999.0742680426 2.33086e-06 18.971791747747575253 0.00072805905631477075 9 0.7313 
57006.0743518654 2.3289e-06 18.971206962507131386 0.00106903629529159412 7 1.0110 
57013.0289599659 2.3295e-06 18.972191848163626688 0.00038956030938264472 10 0.3691 
57020.0292098128 2.32918e-06 18.971568249205746637 0.00044192566991979788 10 0.4589 
57026.9840413367 2.33004e-06 18.971933485989632737 0.00048571578442425164 9 0.5271 
57033.9805789101 2.32957e-06 18.972087273657272878 0.00046443508550040664 10 0.5162 
57040.9806002790 2.32788e-06 18.971213044619057204 0.00054405693297897002 9 0.4984 
57047.9355452997 2.3286e-06 18.97206205226457431 0.00052126209684199393 8 0.2781 
57054.9355904415 2.16104e-06 18.971679405135315005 0.00078070356102257236 6 0.5533 
57068.8905333315 2.32605e-06 18.971605853137084632 0.00067016170373544617 8 0.4454 
57075.8730023274 2.32663e-06 18.9718050733933991 0.00048904472040584089 10 0.4367 
57082.8730997261 2.32628e-06 18.971952629861246887 0.00057854826632047285 10 0.4838 
57089.8277439256 2.32627e-06 18.971835321306976474 0.00061696724000245124 10 0.5496 
57096.8277355282 2.32647e-06 18.971895976149338644 0.00063308161202979660 10 0.6460 
57103.7827063320 2.15735e-06 18.973177024955866374 0.00061724355876163739 8 0.2742 
57110.7826755387 2.19346e-06 18.971963578849470768 0.00055196524976570049 6 0.1011 
57117.7201438452 2.32692e-06 18.971189641744159522 0.00087366887707749101 7 0.5492 
57124.7201941962 2.3258e-06 18.973457357500496627 0.00092956932339774694 7 0.5498 
57131.6749923785 2.32476e-06 18.971687095794399039 0.00065530391839779259 9 0.5071 
57138.6750089870 2.3244e-06 18.972377389130473505 0.00087077621388860168 7 0.4508 
57152.6311404221 2.31127e-06 18.971933075624788916 0.00059116508887184266 7 0.4073 
57159.6289971478 1.73297e-06 18.972170601958129559 0.00048596590805605557 7 0.1201 
57166.6299444246 2.15715e-06 18.973772088077248497 0.00097980604395209582 6 0.2417 
57173.5843738596 2.19287e-06 18.970988632644236084 0.00099439866696734470 6 0.6280 
57201.5152070079 1.57974e-06 18.969982596026429084 0.00069088132689110995 5 0.0809 
57208.5146814562 2.147e-06 18.971173246326595465 0.00079194147167443876 6 0.2802 
57229.4700980854 2.16242e-06 18.97183534347880529 0.00149339780815680671 5 0.5240 
57258.3245250503 2.15562e-06 18.972843973555175198 0.00099553117835989111 6 0.3165 
57272.3242782967 1.00429e-06 18.971265282992126194 0.00118246798770685292 4 0.6229 
57279.2792336034 1.1732e-06 18.971754779132873833 0.00103896404611787999 4 0.2671 
57293.2140685493 1.73476e-06 18.971143361544540474 0.00111201114726674349 5 0.3142 
57300.2337976358 2.15904e-06 18.972091184179472378 0.00037732057960479097 7 0.1883 
57309.2583458780 2.1598e-06 18.971698840348979142 0.00056206350769145107 5 0.2550 
57321.1438563288 2.32935e-06 18.971896543916189628 0.00045308367622069718 8 0.2962 
57328.1436833747 2.32522e-06 18.971761677310810914 0.00034564187491755344 10 0.3708 
57335.1436880465 2.32559e-06 18.971919383168215882 0.00049230104417136958 9 0.7568 
57342.1438643780 2.33375e-06 18.971260563149928717 0.00021839012035730163 6 0.1517 
57349.0985561688 2.32418e-06 18.972671540397856594 0.00082416710459919985 9 1.4152 
57356.0986515083 2.32583e-06 18.971563458627687693 0.00048413385715585696 10 0.5576 
57363.0534440105 2.32649e-06 18.972394258042983154 0.00064107923992376685 9 1.0018 
57370.0534710198 2.15975e-06 18.972062410669632429 0.00069075910249998429 8 0.6229 
57377.0083522108 2.15881e-06 18.972482271440060289 0.00077548062732378531 6 0.3209 
57387.0083333486 1.10693e-06 18.972253433436185725 0.00046148673587975827 5 0.0829 
57391.0083477498 1.28774e-06 18.973527409720476002 0.00029466570495794613 5 0.0405 
57397.9631397494 2.02618e-06 18.974056424836363607 0.00068256908427108062 6 0.2128 
57404.9632486180 2.15917e-06 18.972412031850518919 0.00035610812812840394 7 0.1455 
57418.9009351107 2.15842e-06 18.971045336016673279 0.00038950955546036576 8 0.1564 
57425.8555593922 1.78965e-06 18.971719465903061649 0.00107411006644893801 7 1.0574 
57432.8544251955 1.29556e-06 18.970511183142091149 0.00081401819229384264 5 0.2197 
57439.8550922898 2.15869e-06 18.971824706424890295 0.00062833096820041033 7 0.2603 
57488.7198211716 2.33906e-06 18.972288057968126385 0.00042710096070032775 10 0.2377 
57502.6748147397 2.15781e-06 18.970384921836453019 0.00054604626345755483 7 0.1040 
57516.6289388615 2.32825e-06 18.972174948445904397 0.00049408912484274960 9 0.2019 
57523.6299181308 2.15903e-06 18.970710713419594255 0.00106363257151545466 6 0.4222 
57530.6299244845 2.1607e-06 18.973305881140255565 0.00075681147447511905 7 0.2386 
57544.5846364346 2.15413e-06 18.970872997960430105 0.00101437677067390121 5 0.2623 
57551.5845789890 2.1565e-06 18.97222498119161461 0.00137284663829273642 5 0.1937 
57558.5399032012 2.15423e-06 18.970148681525871141 0.00170708724277466640 5 0.4712 
57565.5396408152 2.15731e-06 18.971595609029016092 0.00147180396175300475 5 0.4034 
57579.4693739870 2.15935e-06 18.971766334167880099 0.00112171177469414874 6 0.2104 
57607.4696272905 1.57513e-06 18.96914399704808084 0.00145251217937376973 4 0.3368 
57614.4251072562 1.3993e-06 18.971878617793414156 0.00073327561726796756 4 0.1623 
57629.3069545379 2.15529e-06 18.971439856851348423 0.00036877438314645683 7 0.0783 
57636.3069557524 7.22175e-07 18.972589749003111985 0.00025278713493747740 4 0.0356 
57643.3068400254 2.32597e-06 18.971265865251591568 0.00139328585930798107 7 0.5743 
57650.2618604642 2.32691e-06 18.973162817389471324 0.00145015186936015418 4 0.8864 
57657.2618960899 2.19055e-06 18.973249145369678818 0.00037216891125560665 7 0.1655 
57664.2164712136 2.32408e-06 18.972395640276206487 0.00079559115851450958 9 0.9748 
57675.1988881946 2.1582e-06 18.971032612532817902 0.00060377613336895649 7 0.2810 
57682.1989857294 2.15725e-06 18.972479120715233668 0.00136546753913724828 5 1.1126 
57689.1990892442 2.16073e-06 18.97148929346882559 0.00063593479386959441 8 0.2766 
57699.1229317407 2.32531e-06 18.971157964743172871 0.00072855158808636305 8 0.5200 
57706.1472205229 1.85852e-06 18.971319493636877231 0.00066683856432923341 7 0.7130 
57720.0812016341 2.32937e-06 18.972409520309252918 0.00063902461998257285 10 0.8014 
57727.0812016510 2.32915e-06 18.971645511397737497 0.00050497506704762782 10 0.4734 
57734.0367479721 2.32743e-06 18.971980913638142286 0.00076306702787950543 9 1.1393 
57741.0368433726 2.32697e-06 18.971649124472874146 0.00087273361864709405 9 0.8836 
57748.0124759882 2.15977e-06 18.971418980036756009 0.00040833935240659373 8 0.2969 
57761.9673696619 2.32749e-06 18.972518151865026595 0.00034556168949048948 8 0.2222 
57768.9673650552 2.32777e-06 18.971198702412915007 0.00081079814862210079 7 0.6099 
57775.9153978367 2.32706e-06 18.972153505399723589 0.00053320994815254572 10 0.7682 
57782.9153560277 2.32854e-06 18.97234276460884694 0.00042211364312743336 10 0.7110 
57796.9155225053 2.32721e-06 18.970907740492690505 0.00049915535913798545 9 0.8864 
57803.8248280401 2.32818e-06 18.971698511230197218 0.00025795188211336675 10 0.3773 
57817.8248338470 2.32707e-06 18.971842607850695064 0.00042734482054460071 10 0.7066 
57957.5152725634 1.73799e-06 18.971513884148351131 0.00067784982782044664 5 0.2339 
57964.4249654152 2.32912e-06 18.970135557493692065 0.00075834516508352953 6 0.2585 
57986.3069176159 2.32384e-06 18.971594064500543154 0.00086928959502166842 7 0.6803 
58000.3068091794 2.32784e-06 18.972906479908314789 0.00089434451295725950 9 0.9058 
58007.3068546269 1.73418e-06 18.972286063629011561 0.00078887446625215880 7 0.4885 
58014.2618146028 2.32781e-06 18.972169777698553081 0.00116489491753323025 8 1.4057 
58021.2614505362 2.32766e-06 18.972529980412442915 0.00081268844132762678 9 0.7034 
58028.2162843687 2.32701e-06 18.971667432822689608 0.00105794159673724616 7 0.9064 
58035.2162726775 2.15969e-06 18.970670044007753667 0.00055122071293105018 8 0.2326 
58049.1713472751 2.32593e-06 18.973234362489695432 0.00089509060016064565 7 0.6900 
58056.1714765567 2.32308e-06 18.971682986188802257 0.00052692314645350850 9 0.3566 
58070.1715443354 2.16056e-06 18.971709678649910195 0.00094029265094071378 6 0.5252 
58077.1263653668 2.32588e-06 18.970160701826843892 0.00077591393504682917 8 0.5014 
58084.0812394508 2.32434e-06 18.971497507658870732 0.00078801221885982018 8 0.6788 
58091.0811627186 2.32483e-06 18.97068272968731221 0.00048680789170959111 9 0.3523 
58098.0812783345 2.3267e-06 18.972221606182192648 0.00109802759632500035 8 1.2918 
58105.0360174187 2.15985e-06 18.971980317534160584 0.00079891210223462564 8 0.8608 
58112.1314204038 2.16122e-06 18.971885119045935072 0.00067315617195339863 5 0.1619 
58118.9909592110 1.68338e-06 18.971701696173103209 0.00180839870424230977 5 1.8646 
58125.9907027555 2.19623e-06 18.972922197906183792 0.00055623095421259349 6 0.1705 
58132.9931863886 2.34674e-06 18.970964566857110868 0.00061635191029316908 9 0.5215 
58146.9458635724 2.34398e-06 18.972408133664765421 0.00062456913133288256 8 0.5567 
58153.9028753317 2.34576e-06 18.97090210829597149 0.00050850327924097040 7 0.3170 
58167.8561267433 2.34582e-06 18.971336750725833404 0.00062770234156999522 10 0.9774 
58174.8562357470 2.32903e-06 18.971395608733511601 0.00045464722362049633 9 0.4301 
58181.8562298499 2.32918e-06 18.971907335610753143 0.00057265274874313758 7 0.4505 
58188.8144220068 2.32966e-06 18.971515906003233022 0.00071361711810631221 8 0.7765 
58195.8146172299 2.15942e-06 18.971452029433500383 0.00065920936589815380 7 0.5705 
58202.7728117838 2.33203e-06 18.970475485339476255 0.00048143276712490603 9 0.5563 
58209.7728672984 2.32625e-06 18.971836876844969826 0.00062719529913965206 9 0.7911 
58216.7729102264 2.32722e-06 18.97123354550247251 0.00054659755554885400 9 0.4466 
58223.7313395107 2.32661e-06 18.972089069108752431 0.00050451697059673048 10 0.5721 
58230.7314871880 2.32703e-06 18.971385329269443903 0.00044890224351109935 9 0.4346 
58237.7312652415 2.31212e-06 18.972749401258289051 0.00038181745559477806 8 0.2369 
58244.7141460137 2.32746e-06 18.971628553610531125 0.00039524683509010566 10 0.4413 
58251.7138155548 2.32815e-06 18.971376078439759686 0.00049316250402246591 8 0.2487 
58286.5820408213 2.15942e-06 18.971985899606240711 0.00036373625639819448 8 0.3507 
58300.5403469695 2.32617e-06 18.971906810806649549 0.00040635960479903856 10 0.4538 
58307.4985508393 2.32701e-06 18.971626848113068408 0.00044411644038818955 10 0.7880 
58314.4162389250 2.32782e-06 18.971580957479251855 0.00024671991374493096 10 0.4645 
58328.3597634173 2.3276e-06 18.972260642528879919 0.00059318846672065098 8 0.5598 
58342.4012833194 2.32471e-06 18.971489989909382606 0.00037919559196703808 10 0.8658 
58356.3596599452 2.1588e-06 18.971706295747423041 0.00028253888211215728 9 0.4117 
58370.3178878200 2.32315e-06 18.971884652630726072 0.00041462536629883009 10 1.0634 
58384.2761336805 2.32119e-06 18.972274020261991331 0.00051008189271820156 10 2.1946 
58394.2551714821 2.32437e-06 18.972108630963963018 0.00051448466074803664 9 1.6468 
58398.2550170328 2.32195e-06 18.971545202900575887 0.00050933211602422976 9 0.6751 
58405.2550537871 2.32353e-06 18.970795799235713798 0.00063141632671735541 9 1.0636 
58440.1857016868 2.33024e-06 18.972027483744011435 0.00029209386156141628 9 0.3086 
58450.0784827705 2.15238e-06 18.971593017540500797 0.00062876979540187181 8 0.5144 
58457.0576969365 2.32752e-06 18.971760112717672979 0.00051737013146275026 8 0.5082 
58464.0576001365 2.19217e-06 18.971152136129079217 0.00058179264349361725 9 0.6054 
58471.0124855503 2.32722e-06 18.970812750996251323 0.00060298246108579547 8 0.4370 
58478.0125745433 2.33449e-06 18.970998164962271784 0.00091923784157932396 9 0.9381 
58491.9743161660 2.1613e-06 18.971482590393621295 0.00194567383506181590 4 1.2072 
58498.9291570697 2.16101e-06 18.97279271338751672 0.00101128968315373482 8 0.9076 
58505.9291396752 5.83241e-07 18.973277609047679107 0.00118551334399019702 4 0.2259 
58512.9292031973 2.16007e-06 18.970329051501421784 0.00067271635624334869 4 0.0916 
58519.8842813525 1.6316e-06 18.972278656869345493 0.00081190127108121007 6 0.3496 
58526.8842058871 2.16119e-06 18.971379613285516814 0.00108199869309112337 6 0.5167 
58532.8842527484 1.73262e-06 18.972053731005556879 0.00165770094460078042 6 1.2403 
58540.8387780903 2.15868e-06 18.971042867008551207 0.00078122792077139382 6 0.2656 
58547.8387554887 2.15854e-06 18.971664977986471915 0.00078174305520244841 7 0.5490 
58554.7936690211 2.32705e-06 18.972174392997237725 0.00072233325388513484 8 0.5775 
58561.7937589200 2.16066e-06 18.972154234643071467 0.00066080729253449383 7 0.4694 
58588.7104072173 2.32657e-06 18.972170134767760857 0.00044270249646762911 9 0.3986 
58596.7103819577 2.1597e-06 18.971947624862481301 0.00057926614781957824 8 0.7976 
58603.7105011052 2.1591e-06 18.972212647959447935 0.00060721673378362029 8 0.7688 
58610.6686585862 2.16107e-06 18.971651234020999139 0.00068031782728059066 8 1.1011 
58624.6235197845 2.19206e-06 18.97219935725779192 0.00033521262196601801 8 0.2782 
58631.6235083377 2.15811e-06 18.973373434283595605 0.00090570077359070371 6 1.4041 
