#_MJD RANGE DM DMunc nToA chisq
56769.0732774221 3.68762e-06 19.621476001275867789 0.00005446341705106038 10 2.5891 
56783.0164887170 3.76181e-06 19.622464351962726769 0.00007196755499865875 10 15.8838 
56802.9690147684 3.69628e-06 19.6212742214004496 0.00015501426354522924 10 16.7511 
56816.8729475432 3.93853e-06 19.621002726762389901 0.00005571323199536025 10 2.1821 
56821.8729522988 3.93419e-06 19.621077067071514961 0.00007243093787705066 10 5.5864 
56836.8729955673 3.74854e-06 19.620807726451834725 0.00018153278297901079 10 38.4890 
56844.8556276550 3.79075e-06 19.619242726754426953 0.00008657465948431826 10 8.4668 
56851.8138822653 3.93053e-06 19.619170085297075767 0.00006892020228573781 10 7.7392 
56858.8141923017 3.83761e-06 19.619332681430918382 0.00012549212737478159 10 19.9066 
56865.7790475839 4.04997e-06 19.619482447739944726 0.00009335164813533686 10 13.2360 
56886.6888329238 3.41855e-06 19.619837171456095034 0.00004592555047117863 10 5.2423 
56892.7055215419 4.02814e-06 19.619608637025351034 0.00006011883724421097 10 7.6528 
56907.6887988710 3.97635e-06 19.621994471129916682 0.00009600823209923358 10 6.3309 
56914.5777745207 4.02292e-06 19.620400916807078234 0.00008416930548622999 10 4.4060 
56921.5778109023 4.09333e-06 19.619860192515928504 0.00005655642720053510 10 4.3045 
56928.5604962700 4.0479e-06 19.620065611037673249 0.00005362986479813964 10 3.5599 
56942.5596555593 4.05107e-06 19.620066099137905566 0.00013115021838376354 10 11.4262 
56949.5395396988 4.10439e-06 19.619941473083979244 0.00006811745589068834 10 5.0739 
56956.4980158465 3.87564e-06 19.620203773339717065 0.00013743595233731232 10 11.2234 
56961.6662210629 3.43056e-06 19.619207852628232925 0.00013018686033763524 9 7.2079 
56965.4452736491 3.843e-06 19.61964541880235317 0.00016147377105561308 10 23.7064 
56969.5014360828 3.92814e-06 19.619743097708008433 0.00007910803743924535 10 5.2328 
56977.4283824818 3.8702e-06 19.619206771861524397 0.00004397225066036114 10 1.5655 
56981.4993394337 3.96386e-06 19.618406756158211394 0.00006934908279434042 10 8.5770 
56991.3868044474 4.08836e-06 19.618974047402109763 0.00005806489189329375 10 1.9364 
56998.3761460851 3.87713e-06 19.618250117421439163 0.00005910977498959579 10 5.4509 
57005.3972614818 3.94506e-06 19.619269647659644857 0.00007169095123714000 10 6.0648 
57013.3555822909 3.97108e-06 19.619129559728208807 0.00008774400159093164 10 7.3699 
57020.3555032143 3.9477e-06 19.618817090267976787 0.00006668472244030018 10 4.4225 
57027.3105652903 4.10684e-06 19.619232835807501401 0.00011678562938643688 10 15.3317 
57031.4077992745 3.87162e-06 19.619657834644244664 0.00007818944772539232 10 3.6081 
57034.2720600159 3.90095e-06 19.619284408894744962 0.00007810509635330410 10 5.5131 
57041.2721890699 3.92729e-06 19.620094113623081176 0.00010874594343291415 10 11.5515 
57048.2270169590 3.7367e-06 19.619631820763909614 0.00010323514456608027 10 9.1613 
57055.2270021941 3.75742e-06 19.618973069357204407 0.00010743881948849032 10 9.6416 
57069.1818994917 3.69249e-06 19.619045324220474156 0.00006258150359629349 10 6.4343 
57076.1715663301 3.74584e-06 19.619811489760737527 0.00012112213877345475 10 11.7770 
57083.1714996244 3.78065e-06 19.619857928179835427 0.00011284215342874642 10 15.4365 
57090.1194624380 3.67867e-06 19.619318810412633081 0.00005825956037748629 10 7.0938 
57097.1194985534 3.77833e-06 19.620022386861315115 0.00004712959467212141 10 2.3413 
57104.0742695102 3.67354e-06 19.619309998217742323 0.00013359715452758249 10 24.8245 
57111.0743100183 3.72372e-06 19.618811985356919317 0.00007203478235314589 10 9.5517 
57118.0464648198 3.69713e-06 19.618843297165760102 0.00013495694939911470 10 46.3146 
57125.0291902093 3.68613e-06 19.617384378327839175 0.00005353604763169020 10 9.9067 
57132.0083167584 3.68515e-06 19.618463268589957624 0.00003591250180394198 10 1.3997 
57139.0083628880 3.75561e-06 19.618890329189054116 0.00005264471169339831 10 3.8861 
57152.9389332921 3.7109e-06 19.618972700326402047 0.00006896065845610288 10 6.9892 
57159.9389543691 3.71629e-06 19.618858273654983897 0.00011856194372853334 10 15.9439 
57166.9389024685 3.7929e-06 19.619470869771663034 0.00005989757992957611 10 4.2174 
57173.8764298661 3.81018e-06 19.620043401528431119 0.00010261316408170565 10 8.9131 
57180.8766074816 3.86958e-06 19.619939504723984826 0.00003887771018892985 10 1.2214 
57187.8312154227 3.97164e-06 19.620298053803892704 0.00009940965456418899 10 7.4506 
57201.8067348319 4.03933e-06 19.620062101636633415 0.00024510944208965837 10 42.8764 
57208.8068998356 3.94377e-06 19.62035945156222784 0.00007007792902512693 10 4.1675 
57229.7618177567 3.93241e-06 19.620843602024982649 0.00005444006408274125 10 1.7651 
57236.7165007815 3.92138e-06 19.618876876192513747 0.00009120941319735472 10 9.0070 
57243.7167313638 3.94505e-06 19.620190100968354637 0.00006126867691906943 10 1.8166 
57257.6470476441 4.04426e-06 19.619183598054502406 0.00007880887398131788 10 8.3409 
57271.6471683546 4.08737e-06 19.620452716485503791 0.00008776089511514782 10 5.2511 
57278.5847531159 3.92793e-06 19.621527065211528262 0.00012350186614928354 10 9.5782 
57292.5394845265 3.33291e-06 19.62246930795321714 0.00008072406712026292 9 1.5120 
57299.5396019914 3.93977e-06 19.620315890788049929 0.00006286272526437618 10 1.6989 
57309.5470220278 4.04724e-06 19.619218303639349731 0.00005816499163430085 9 0.9782 
57313.4900250439 3.92306e-06 19.62152917666708794 0.00007463668675267085 10 2.5682 
57320.4497244594 3.92716e-06 19.621288327581638674 0.00017143308920340814 8 2.6755 
57327.4634134796 4.23109e-06 19.620455230373787265 0.00016041053215854655 10 15.8415 
57334.4492510953 3.88511e-06 19.62056212964147763 0.00006080645413375413 10 2.1655 
57341.4494108825 4.03701e-06 19.62086080456271879 0.00004377167981363233 10 0.9887 
57348.4040539486 3.11788e-06 19.624110953426741274 0.00018001010803228993 6 1.0400 
57355.4042470013 3.7758e-06 19.620583747882598125 0.00006425508354325565 10 2.9507 
57370.3486918700 3.9097e-06 19.62030317321393626 0.00006873178943823083 10 3.0574 
57377.3000201638 3.79826e-06 19.619812253382657576 0.00004888890746570942 10 1.3428 
57387.2999683710 3.78617e-06 19.622015605430822002 0.00013111361181325861 10 9.0122 
57391.2999678789 3.74862e-06 19.620643440011004868 0.00011951435186694522 10 5.6259 
57398.2547084802 3.74004e-06 19.619921271450913053 0.00006764814693919161 10 2.5909 
57405.2545119404 3.77225e-06 19.620887966758959256 0.00008944213401883512 10 3.2619 
57419.2097336338 3.70833e-06 19.619694257443400285 0.00003680954190723385 10 0.9480 
57426.1644225898 3.72884e-06 19.619185787670361603 0.00007569835924239476 10 5.0803 
57433.1642413022 3.92652e-06 19.621120095729341067 0.00011354198985278623 10 4.7670 
57440.1642035125 4.12429e-06 19.618624667206475194 0.00010386436714948521 10 15.1404 
57447.1563076107 3.31692e-06 19.620375561534630651 0.00014125368235497437 10 8.2672 
57461.1181927504 3.39262e-06 19.618828207616986705 0.00006302440453311394 10 3.0610 
57468.0746128044 4.11097e-06 19.619228846258716072 0.00011358940423997222 10 5.7982 
57475.0768823524 3.3946e-06 19.619347487549184542 0.00008526810810715316 10 4.5702 
57482.0283668576 4.12227e-06 19.619039163569546148 0.00008141243480075462 10 3.0984 
57489.0297772035 4.0512e-06 19.618984753007505632 0.00006102273424652010 10 2.7475 
57496.0293699312 4.07136e-06 19.620026837856320689 0.00004773159401740392 10 1.9565 
57502.9651594016 4.25485e-06 19.620552916227253053 0.00018605516104883968 9 9.7357 
57509.9657866437 3.93e-06 19.6204443502209958 0.00013441525572426604 10 5.7459 
57516.9224260371 3.89411e-06 19.622971397466783476 0.00011936821860307099 8 1.1568 
57523.9214594164 3.71907e-06 19.620863693622453179 0.00010932616466085558 10 11.8583 
57530.9215165030 3.68336e-06 19.619693097506009455 0.00013786096346224318 10 13.3851 
57537.8764134940 3.80046e-06 19.619844742003189232 0.00014941339832544884 10 18.2371 
57544.8763761806 3.87156e-06 19.619137889186615106 0.00005395162135012004 10 4.0648 
57551.8763424083 3.76645e-06 19.619765485465616599 0.00013788440101657475 10 16.2973 
57558.8313438456 3.83236e-06 19.619114372866203945 0.00007229484385139680 10 5.3533 
57565.8312210558 3.915e-06 19.619212832209083868 0.00006186709283231324 10 3.1856 
57572.8312282977 4.06878e-06 19.618765677407130362 0.00003386031728020871 10 2.0321 
57579.7617653753 4.02156e-06 19.618985816636140591 0.00006190866504445137 10 4.0317 
57593.7617800189 3.97873e-06 19.619756261416465405 0.00006310845842386019 10 9.2153 
57600.7618514366 4.05106e-06 19.620083908614038228 0.00015497387150654546 10 42.1274 
57607.7617783117 3.88545e-06 19.619361766406400244 0.00006782284100836460 10 6.0209 
57614.7166274677 4.03683e-06 19.620058584941778771 0.00007938540956851697 10 8.4099 
57621.7166161220 4.05702e-06 19.618017072298859792 0.00009210808399629625 10 24.4568 
57628.6297513280 4.06917e-06 19.619392204931375668 0.00014670916052099894 10 31.9832 
57635.6297405344 4.08311e-06 19.618815360379046907 0.00006692944508031066 10 7.0904 
57642.6297863949 3.96545e-06 19.618579249031823646 0.00003505253774728341 10 1.9460 
57656.5846693147 3.99503e-06 19.618472372670163873 0.00003862123255179985 10 1.2770 
57663.5395475311 3.99519e-06 19.61888998324959521 0.00005627318214119508 10 3.5577 
57674.5222407979 4.17074e-06 19.618870716207921839 0.00010333077635559903 10 15.4483 
57681.5221797600 4.06912e-06 19.619109001013378618 0.00009441273159890574 10 6.5661 
57688.5222079171 4.0837e-06 19.61813677125371611 0.00008622227560735577 10 9.7183 
57705.4494563346 3.85228e-06 19.618093833627111403 0.00006430463816489181 10 4.9909 
57719.4043031392 3.91249e-06 19.619086296878007758 0.00008214117370662467 10 5.6084 
57726.4042345227 3.96977e-06 19.618857531561111632 0.00003967054224793896 10 2.1724 
57734.3283728340 3.97638e-06 19.618005096154637619 0.00006471921118752515 10 5.3522 
57741.3285521701 3.84623e-06 19.618400564648770667 0.00008404387425599459 10 8.1223 
57748.3040447055 3.91783e-06 19.618171848808431609 0.00010215713709195631 10 13.6891 
57762.2588686378 3.77487e-06 19.619043495970169031 0.00005201882244450845 10 2.3506 
57769.2591002115 3.7486e-06 19.618722589833433876 0.00006918560732148388 10 5.8531 
57776.2068895382 3.84456e-06 19.618620448498967478 0.00002905752300545378 10 0.8718 
57783.2069398180 3.71833e-06 19.617887741109828029 0.00005654492016105825 10 4.9571 
57797.2069607158 3.73034e-06 19.618083855449636645 0.00006802510758724280 10 7.3931 
57804.1165847979 3.77629e-06 19.617278877462545856 0.00004763633803403249 10 5.4348 
57818.1165676332 3.62633e-06 19.618092172032385218 0.00002429595638008910 10 1.3819 
57825.0777624939 3.68494e-06 19.617135474365148441 0.00008383956698271341 10 11.6145 
57832.0776760897 3.64222e-06 19.617077803598103446 0.00005792342569336601 10 10.4059 
57839.0777332620 3.6448e-06 19.618147087657656037 0.00006806355158690881 10 6.4359 
57846.0117393039 3.76366e-06 19.617783076935541511 0.00004060137688282519 10 3.3297 
57853.0116985100 3.70864e-06 19.616923561011206935 0.00006636202529646056 10 10.9669 
57860.0118861527 3.73468e-06 19.617166633720252463 0.00007449499874351441 10 17.7693 
57880.9214893825 3.79741e-06 19.617243775560795727 0.00005767784484168743 10 3.6057 
57887.9214793809 3.85846e-06 19.616559682771124872 0.00007256987665925269 10 15.8338 
57894.9215340207 3.72576e-06 19.618251092261902656 0.00008113960464907537 10 4.6787 
57901.8762754413 3.8876e-06 19.61643453663377628 0.00006735776130278259 10 3.2405 
57908.8763482387 3.75417e-06 19.617216108433824002 0.00008917278771844926 10 3.9323 
57915.8764167159 3.8192e-06 19.616082515527285962 0.00009909564883745289 10 8.6366 
57929.8310568047 3.91349e-06 19.615705347257008153 0.00004966810135720805 10 4.0442 
57936.8311766163 3.82016e-06 19.615465603778899823 0.00006496051743295381 10 6.9286 
57943.8075797456 4.0836e-06 19.615607001122129982 0.00009529040963814094 10 9.8778 
57950.8067253022 3.94499e-06 19.615307876383275209 0.00005090147261875029 10 3.9243 
57957.8068126637 3.79343e-06 19.614931479868414874 0.00004187039903403658 10 2.2918 
57964.7167787425 3.92035e-06 19.615032031584447539 0.00006532533274767856 10 7.8434 
57985.6297537279 3.82384e-06 19.614848589680080026 0.00005752644900228773 10 9.8367 
57999.6298996493 4.11152e-06 19.615436531610970363 0.00007188650607818928 10 5.8213 
58006.6297896930 4.03469e-06 19.614643752825701842 0.00010105442463073491 10 28.8995 
58013.5848233178 4.0641e-06 19.615524771714525125 0.00004989509776785301 10 8.1077 
58020.5846267372 3.96105e-06 19.615836976329626104 0.00008189961360449651 10 8.9202 
58027.5398288695 4.17118e-06 19.615367886544284938 0.00008548866557714742 10 16.2690 
58034.5396702363 3.29744e-06 19.614299065039418246 0.00007758114317301705 9 10.6518 
58048.4945022275 3.86549e-06 19.615934383137898169 0.00004330360339675171 10 1.9876 
58055.4945926969 3.94973e-06 19.615847014619527993 0.00009709314258226766 10 9.0547 
58069.4945005797 3.78806e-06 19.617153791292189146 0.00010012430732530663 10 8.2796 
58076.4492151628 4.16849e-06 19.616455277981906431 0.00014577309773234238 10 35.8889 
58083.4041901266 3.81951e-06 19.616523763697120161 0.00010932028398644045 10 18.1807 
58090.4042030912 3.9039e-06 19.616041195254693518 0.00016833206446242901 10 26.5823 
58097.4039955532 3.83702e-06 19.615605017569241039 0.00014511326241449429 10 15.7597 
58105.3277574180 3.818e-06 19.614099220183231265 0.00009713656458240229 10 11.2364 
58119.2824419161 3.33516e-06 19.614010532409671565 0.00003248027838595249 9 0.9003 
58126.2840295160 3.99694e-06 19.61501820717830036 0.00019710868234977527 10 8.6036 
58133.2824369579 3.31757e-06 19.613767279668963862 0.00006395269101188449 9 5.6062 
58140.2369383324 3.89781e-06 19.614740015018227056 0.00010820209558910382 10 8.3826 
58147.2374579134 3.97516e-06 19.615059219980282051 0.00011762324240590245 10 15.6012 
58154.1923399165 3.94528e-06 19.614137404207416467 0.00005327929366983184 10 7.2547 
58161.1924263685 3.67352e-06 19.614700853330107318 0.00004690112186531192 10 4.2557 
58168.1478398587 3.59653e-06 19.61463869842951302 0.00004642035046551927 10 4.6860 
58175.1479164951 3.68574e-06 19.614575816643064496 0.00004091051926799400 10 3.1215 
58182.1479359009 3.72684e-06 19.615540026454245964 0.00003904850971370469 10 2.8871 
58189.1062157604 3.69145e-06 19.615312541701890675 0.00002499686141779014 10 0.5605 
58196.1061850903 3.66805e-06 19.616199968171771304 0.00012787100701496041 10 16.2269 
58203.0645026286 3.6711e-06 19.616013427762996264 0.00012800828240352300 10 21.8738 
58210.0645794746 3.68412e-06 19.614600923360030093 0.00011891257739341076 10 36.7778 
58217.0645773036 3.75964e-06 19.614336920427251413 0.00016571810425284518 10 52.8119 
58224.0228535219 3.69873e-06 19.614603129263313262 0.00016751387985639544 10 51.2551 
58231.0228453152 3.7943e-06 19.615072048799490173 0.00021378099432283327 10 57.9262 
58238.0228576220 3.78706e-06 19.61510960398351516 0.00017080542250532362 10 42.9582 
58245.0055946192 3.87732e-06 19.614523964280103172 0.00017921227784285687 10 62.7361 
58252.0055134118 3.69634e-06 19.615157296969186234 0.00009817166602180760 10 14.4503 
58258.9223065329 3.71499e-06 19.615111126357279674 0.00004466542676686043 10 2.3047 
58265.9153242489 3.75539e-06 19.614415894524092131 0.00005834292121667284 8 0.6760 
58272.9154303473 4.02112e-06 19.614370280356993372 0.00015433913309539338 10 46.5914 
58286.8735736880 4.05574e-06 19.614762265442354929 0.00012751070844034066 10 27.7353 
58300.8319476511 4.16617e-06 19.614213281196724321 0.00008432507723356835 10 11.4986 
58307.7901678970 3.98096e-06 19.613712829663885823 0.00005205598586605639 10 6.8572 
58314.7247628723 3.94384e-06 19.613625572673558856 0.00006815036085212372 10 22.1997 
58328.7032293488 3.9156e-06 19.614915505468737734 0.00005773136216490097 10 4.0218 
58342.6997952773 3.36631e-06 19.614103083929691523 0.00011189845902426276 10 48.8264 
58356.6598587545 3.89755e-06 19.615102080541109576 0.00010066594082048254 10 16.4868 
58370.6165742165 3.77986e-06 19.614382279217397353 0.00006517797266678158 10 6.9741 
58384.5713653230 3.96347e-06 19.614445119957472367 0.00006805243322142379 10 11.7704 
58394.5508071343 4.06927e-06 19.614503794914848684 0.00008484774583329775 10 19.6556 
58398.5506522457 3.93346e-06 19.614423689209963502 0.00008237364336378159 10 11.2615 
58405.5508032342 3.93738e-06 19.615915648733597653 0.00006201264895469569 10 4.7153 
58440.4813035538 3.84328e-06 19.61480896439237308 0.00008338938344865810 10 20.6613 
58450.4011797585 3.97347e-06 19.613078378275615113 0.00011336064464395527 9 20.9646 
58456.3810762480 4.03454e-06 19.614821681648838988 0.00009293836692004565 10 6.6546 
58463.3805681704 3.35645e-06 19.613921408264502599 0.00004467339642405048 9 4.1003 
58471.3109996223 3.30308e-06 19.613178742741212656 0.00016901427755956942 9 29.4538 
58477.3111248746 3.85689e-06 19.614768730175119373 0.00006195066442506910 10 4.1532 
58492.2659751026 3.84736e-06 19.614140579626042345 0.00014150344604309039 10 20.0032 
58499.2208785454 3.35898e-06 19.613263635490540675 0.00007592856137651165 9 10.6064 
58506.2207204901 3.82808e-06 19.614904386145554949 0.00015816365030447743 10 48.7434 
58513.2206954984 3.0919e-06 19.61253565879515981 0.00011368576539063797 8 14.3911 
58520.1756321694 3.76766e-06 19.613952121798253789 0.00013228315292460697 10 15.7488 
58527.1756542430 3.73877e-06 19.613454205922076921 0.00003530670775750828 10 1.3942 
58533.1756420723 3.70905e-06 19.615227394699138216 0.00014395310821030424 10 12.2839 
58548.1305686060 3.65223e-06 19.615936994453945584 0.00025685194675577002 10 48.4068 
58555.0853774916 3.67462e-06 19.615683238428063086 0.00004749582316143562 10 1.9624 
58562.3545140090 4.12248e-06 19.615195857951464867 0.00017994279585413310 9 7.0172 
58589.2727986492 3.09377e-06 19.612686872529109982 0.00026746307289657372 7 7.7693 
58597.2729239846 3.08475e-06 19.610482362588887842 0.00038479625925196752 6 14.9793 
58604.2732070403 3.08758e-06 19.611470055646663724 0.00042114847994974481 7 16.2196 
58610.9604187036 3.36748e-06 19.612845408436571145 0.00016316655334062220 9 19.4147 
58624.9153479912 3.09271e-06 19.611651559859861492 0.00008323509789842888 8 3.0858 
58631.9152351093 3.0221e-06 19.611652889384165501 0.00013307812890648929 7 6.5959 
