#_MJD RANGE DM DMunc nToA chisq
56941.5943969208 3.44884e-06 18.37826790594791072 0.00053545821191920164 10 0.9530 
56949.5846312054 3.52738e-06 18.378685226146911615 0.00043726425592366272 10 0.8715 
56956.5638520149 3.45512e-06 18.378030982663491317 0.00059855495990920112 10 1.9231 
56969.5465841668 3.5987e-06 18.378668091643011616 0.00040642441450374725 10 1.5474 
56977.5049195155 3.53962e-06 18.378556515767175259 0.00036041017655010697 10 1.6049 
56991.4627289895 3.5118e-06 18.378503407935658277 0.00024273626558828348 10 0.5449 
56998.4214749350 3.42656e-06 18.377905074347974216 0.00022998588140227919 10 0.7757 
57005.4423068405 3.59005e-06 18.377970287212930455 0.00019448644726707389 9 0.4263 
57012.3970681193 3.40518e-06 18.377306697574688581 0.00031326761169057519 10 1.6092 
57019.3971407254 3.54547e-06 18.377000951074960922 0.00024998087774389765 10 1.1593 
57027.3554409481 3.46626e-06 18.377226158485115976 0.00019303907392942017 10 0.7563 
57034.3173031885 3.44032e-06 18.377173449564172342 0.00022232511543703211 10 0.7179 
57041.3172691596 3.46518e-06 18.377015065496861661 0.00025227638341478566 10 0.9522 
57048.2721219215 3.42989e-06 18.37721095714138142 0.00034944809683010668 10 2.0661 
57055.2720557896 3.47231e-06 18.377095925261378764 0.00023347348806927609 10 0.9359 
57069.2270186055 3.47309e-06 18.376933883205117455 0.00032133147992973262 10 2.6519 
57076.2165163750 3.49748e-06 18.376491443902577348 0.00024062482201155997 10 1.9698 
57083.2165639097 3.57217e-06 18.376549395109091505 0.00023267258313312784 10 1.7308 
57090.1714602718 3.49915e-06 18.376666343432502089 0.00030278484347148028 10 2.2391 
57097.1712590221 3.588e-06 18.377406964705469982 0.00041598081530844720 10 2.6930 
57104.1194902854 3.49064e-06 18.376769035898550266 0.00025501535423178034 10 0.8628 
57111.1194448441 3.51113e-06 18.377613421959136445 0.00036896831805602798 10 1.5900 
57118.0915957804 3.54827e-06 18.37698618577838237 0.00036715697325417473 10 1.2206 
57125.0742801305 3.5154e-06 18.376790748662755217 0.00028875179965340514 10 1.0088 
57132.0534462427 3.52352e-06 18.376564709891009404 0.00021793147252278542 10 0.7224 
57139.0533490750 3.56911e-06 18.377007401515665284 0.00039219326136713810 10 1.5305 
57152.9840961908 3.50204e-06 18.376939584112662047 0.00035837281966927980 10 1.3952 
57159.9840433351 3.47734e-06 18.375875665754211238 0.00015327269671120344 9 0.2843 
57166.9839719327 3.54648e-06 18.376760539394827858 0.00028325759292463948 10 0.9886 
57173.9388573595 3.47777e-06 18.377267867208992819 0.00038228987084049071 10 1.1395 
57180.9388091162 3.52679e-06 18.376956176128165329 0.00047539990212520960 10 1.2739 
57187.8764356483 3.402e-06 18.376809286393704651 0.00063886383915699957 10 2.5719 
57201.8521746659 3.42026e-06 18.37684759094070645 0.00018407626830528904 10 0.1847 
57208.8521183988 3.43814e-06 18.376399891682648428 0.00054615410891066518 10 1.6835 
57229.8068752385 3.42615e-06 18.376924679628446885 0.00043479727732952610 10 0.6581 
57236.7618044095 3.39737e-06 18.376354687254302817 0.00065545643757795977 10 1.6434 
57243.7617315402 3.44972e-06 18.377400485074217053 0.00055933731163052339 10 1.5512 
57257.6924880405 3.39635e-06 18.376882752322521192 0.00028496857702022574 10 0.4731 
#57264.6909038645 3.51389e-06 18.378117524689080326 0.00083260743703073828 9 1.2182 
57271.6921927268 3.58025e-06 18.375868324289003514 0.00024530444260122759 10 0.5675 
57278.6472154409 3.39456e-06 18.375555476912276323 0.00038262052971117192 10 1.0823 
57292.5847106357 3.37053e-06 18.375688467237964396 0.00040398941244603463 10 0.9898 
57299.5846728697 3.39436e-06 18.375586201134655146 0.00036521884325066526 10 1.3269 
57313.5395804937 3.37618e-06 18.375877068211442939 0.00027615709166950924 10 0.6780 
57320.4957693225 3.33349e-06 18.375358606307444768 0.00051333231723483044 10 1.6202 
57327.5082248911 3.45064e-06 18.375384707867550876 0.00013128145081291200 10 0.1457 
57334.4943554214 3.4468e-06 18.374817000460704694 0.00044991015632725884 10 1.4226 
57341.4943476739 3.46022e-06 18.375632482936338531 0.00039178157782323355 10 1.1365 
57348.4492918254 3.43147e-06 18.375018339275420193 0.00042721659476748300 10 1.1484 
57355.4493233190 3.42527e-06 18.375545199490755004 0.00040151113869491082 10 1.2052 
57362.4042274230 3.39762e-06 18.375788148475635882 0.00028719353227627946 10 0.7241 
57369.4041716664 3.41591e-06 18.375668906740772557 0.00045871885669937084 10 2.2057 
57377.3485711047 3.39937e-06 18.375595554459316944 0.00030256654690162738 10 0.7316 
57384.3460540398 3.49513e-06 18.375106143964335181 0.00027491410024604716 10 1.6162 
57387.3832421650 3.52673e-06 18.37502674706175439 0.00018508134070463109 10 0.5676 
57391.3450655367 3.44374e-06 18.375765858747986296 0.00026697196264861286 10 1.2243 
57398.3001259935 3.40598e-06 18.374452676525538392 0.00031448880104507758 10 2.4009 
57405.3001326132 3.4631e-06 18.374913703241199657 0.00025294564733808616 10 1.3156 
57419.2548321498 3.4288e-06 18.375585775578525065 0.00017974233722398917 10 0.5348 
57426.2099954220 3.4237e-06 18.375231803285371569 0.00035683503434556476 10 1.5553 
57433.2100441230 3.38665e-06 18.375363707781926213 0.00050862885402259094 10 1.8240 
57440.2099464834 3.44503e-06 18.374526021455185446 0.00040344114414255769 10 1.1276 
57447.2030326250 3.37388e-06 18.375342354069595265 0.00034078436995432592 10 0.8218 
57461.1643631912 3.4377e-06 18.374218491462729045 0.00023252002104540994 10 0.3568 
57482.0749155758 3.47955e-06 18.374465812852317689 0.00063019449061414289 10 1.4349 
57496.0753534946 3.51409e-06 18.375358450672436032 0.00073308154549212717 10 1.4744 
57510.0293503482 3.57495e-06 18.374964728657390989 0.00039911631837089814 10 0.8566 
57523.9667834603 3.49659e-06 18.37535950689894234 0.00043839939760311516 10 1.4302 
57530.9667470714 3.50094e-06 18.374996890956545741 0.00020532052683881744 10 0.4222 
57537.9216921110 3.42779e-06 18.374950183872147529 0.00022477235434739424 10 0.4230 
57544.9215729365 3.48021e-06 18.375393071376447529 0.00016923643214807849 10 0.2690 
57551.9214873237 3.49552e-06 18.375292998785082358 0.00022555337365572046 10 0.6939 
57558.8764964569 3.43706e-06 18.374937917082678844 0.00032403459079709387 10 0.8369 
57565.8763408046 3.43193e-06 18.374975709513717287 0.00026650965055462607 10 0.9009 
57572.8763767131 3.54629e-06 18.375214190251663899 0.00026389163987176217 10 0.8416 
57579.8064002069 3.40209e-06 18.374757187241848321 0.00036950199361070218 10 2.3370 
57593.8068259208 3.45282e-06 18.374601604754238109 0.00023270275427893439 9 0.6542 
57600.8068923024 3.54902e-06 18.374320398775745586 0.00032599930069175339 10 1.5679 
57607.8068909173 3.56743e-06 18.374333281645870522 0.00051501180913977732 10 2.7161 
57614.7618184280 3.56166e-06 18.375095055405783353 0.00033612543822383742 9 1.2340 
57621.7617681149 3.61728e-06 18.375178551426017351 0.00035090297929259075 10 1.0553 
57628.6749509551 3.41959e-06 18.375020625168714766 0.00029985402462439156 10 1.0899 
57635.6749307087 3.46098e-06 18.374823525325794674 0.00030023700782532369 10 1.2365 
57642.6749274792 3.4565e-06 18.374019117051249279 0.00041850069630893356 10 3.1882 
57649.6298406905 3.39784e-06 18.374575018406812755 0.00035259133843900390 10 2.2059 
57656.6298704184 3.42938e-06 18.374354024950407286 0.00042636978786209095 10 3.0127 
57663.5847432330 3.40263e-06 18.37507816882719819 0.00015698987977564365 10 0.4155 
57674.5673323145 3.433e-06 18.374666859434910364 0.00028031246731088455 10 1.6953 
57681.5672266523 3.45004e-06 18.374600870053882505 0.00027230872442890480 10 1.0169 
57688.5672619342 3.54116e-06 18.374291090771177726 0.00032445624928969347 10 1.7563 
57698.4944088681 3.38879e-06 18.3743356143309934 0.00018948244518849497 10 1.0412 
57705.4943583732 3.44452e-06 18.374005800476170032 0.00016022192986907968 10 0.6674 
57719.4492252943 3.45415e-06 18.374089503433689028 0.00026639004503259487 10 2.1659 
57726.4492304113 3.52334e-06 18.3743665289302626 0.00027419005846158074 10 1.9684 
57748.3492949270 3.41309e-06 18.374051342953063894 0.00021237627988665868 10 0.6400 
57762.3041880081 3.38966e-06 18.374522978630198596 0.00040911717442885766 10 1.7395 
57769.3041703826 3.39645e-06 18.3742762329089482 0.00034483538215953377 10 1.3856 
57776.2519463028 3.42461e-06 18.374306919320280342 0.00046941902110805470 10 2.6541 
57783.2519220668 3.41422e-06 18.374515271548109872 0.00033704759722842371 10 2.1743 
57797.2518037348 3.47868e-06 18.373744667728975185 0.00024336395432161055 10 1.7382 
57804.1617268252 3.44965e-06 18.374191740404442275 0.00037363712623665027 10 2.5439 
57818.1618132534 3.49217e-06 18.374629854229281132 0.00033208006952663982 10 3.5433 
57825.1228839259 3.48977e-06 18.374291704038091654 0.00034728230836085185 10 3.8647 
57832.1228970120 3.48642e-06 18.374060202328646443 0.00026898829532359859 10 2.9817 
57839.1227756647 3.51035e-06 18.373980511950360622 0.00022751106296849886 10 2.2891 
57846.0569274021 3.46834e-06 18.373808819188296705 0.00023890713673441603 10 1.8484 
57853.0569535451 3.48408e-06 18.374447211687238407 0.00035078541011880079 10 2.1038 
57860.0569311157 3.50981e-06 18.374355091586651655 0.00027130416704631443 10 1.7933 
57880.9875327685 3.4732e-06 18.374111558086156865 0.00021727964010403390 10 1.0852 
57887.9879935326 3.46731e-06 18.373986822880567072 0.00023116332021891312 10 1.2727 
57894.9873684091 3.55208e-06 18.374432014526403588 0.00027375668124770554 10 1.5200 
57901.9215612397 3.44168e-06 18.374046606207381165 0.00011120979665986122 10 0.2809 
57908.9215356422 3.43945e-06 18.374238412581118396 0.00022164964031739056 10 1.1202 
57915.9214696778 3.48348e-06 18.374401614291904947 0.00012400312349298518 10 0.3643 
57929.8763737357 3.4629e-06 18.374110416474396773 0.00014229285366391595 10 0.5101 
57936.8763833884 3.50907e-06 18.37399727941298317 0.00028836425699988241 10 2.4395 
57943.8525232148 3.45676e-06 18.373703356254072317 0.00030289994560526317 10 2.3747 
57950.8520852338 3.56285e-06 18.374015086100361497 0.00024347890253848049 10 1.6464 
57957.8520820100 3.6132e-06 18.37407356103436995 0.00029334539052152970 10 1.6547 
57964.7617218944 3.41601e-06 18.374326934418877018 0.00024723299073574399 10 1.4127 
57985.6749476921 3.42082e-06 18.373995378598068102 0.00019302388960385278 10 0.7833 
57999.6749347696 3.41145e-06 18.37387995069871121 0.00022591294331882219 10 1.0792 
58006.6750103225 3.43103e-06 18.373508269195117894 0.00022686748701932548 10 1.1294 
58013.6298401902 3.44528e-06 18.374102488764569689 0.00021615693286248724 10 1.2096 
58020.6298699919 3.45837e-06 18.374457298275711961 0.00021651864856265829 10 0.8411 
58027.5847192208 3.39125e-06 18.373808872351209012 0.00032434007207488838 10 2.1387 
58034.5846451343 3.42056e-06 18.374195970629581733 0.00026131148974783904 10 1.5312 
58048.5395583180 3.41724e-06 18.374673701368934577 0.00025211870266472454 10 1.4349 
58055.5394680899 3.42162e-06 18.373980831381760954 0.00028187716557176787 10 1.7604 
58069.5395512388 3.61743e-06 18.373829596061142419 0.00026301646509905202 10 1.2829 
58076.4943366329 3.47628e-06 18.374095251877689378 0.00019784128846035134 10 0.9836 
58083.4491952703 3.41692e-06 18.373432117721472261 0.00031575143697552664 10 2.9289 
58090.4492808668 3.42472e-06 18.374109455737750967 0.00014935518102849907 10 0.6187 
58097.4493271574 3.56266e-06 18.373881237169262238 0.00014733902850254239 10 0.6934 
58104.4040874049 3.43356e-06 18.373913079117309153 0.00013278718552531775 9 0.6232 
58119.3278150189 3.38851e-06 18.373940044381070751 0.00026375252357756674 10 2.7113 
58126.3281030182 3.44064e-06 18.37360880972490061 0.00021891923183055826 10 2.1480 
58133.3276504179 3.45627e-06 18.373615908968303165 0.00017635134075292909 10 1.3556 
58147.2825609436 3.4186e-06 18.374064042015802288 0.00020550141379202939 10 1.9932 
58161.2373718326 3.45804e-06 18.374096286104550342 0.00014682625884442237 10 0.9232 
58168.1930014074 3.43953e-06 18.373906099065134006 0.00013372330479796004 10 0.6471 
58175.1930165608 3.47031e-06 18.374327963079117667 0.00020906958980459756 10 1.3890 
58182.1929100575 3.5013e-06 18.374012912764356083 0.00018905610252110898 10 1.6638 
58189.1513570876 3.47258e-06 18.374075399468027505 0.00021834205710662483 10 1.8941 
58196.1512642790 3.50141e-06 18.374218653336329343 0.00029805934387639263 10 3.5008 
58203.1096936053 3.44864e-06 18.374144679324335705 0.00023457170650608642 10 2.2594 
58210.1096165631 3.49441e-06 18.37378181140111588 0.00017283258613272085 10 1.1147 
58217.1096152321 3.54508e-06 18.373862048918332556 0.00014057917786692054 10 0.8489 
58224.0679991906 3.50282e-06 18.373875445798990479 0.00013506387619406635 10 0.6399 
58231.0679614765 3.54497e-06 18.373831975127809983 0.00017311253539582943 10 0.7273 
58238.0680066087 3.61516e-06 18.373750235359288478 0.00031660613679992288 10 2.5228 
58245.0506075572 3.62692e-06 18.373918819712075077 0.00027576753624627243 10 2.3255 
58252.0506607255 3.63663e-06 18.373962947570372215 0.00032956006769372921 10 2.3005 
58258.9673141865 3.49432e-06 18.374215690960169401 0.00021704404492332293 10 1.3355 
#58265.9603531839 3.45626e-06 18.374801986132216521 0.00059068984070722479 7 0.5076 
58272.9604124621 3.53883e-06 18.373987111428633827 0.00024602325481332213 10 1.3651 
58286.9186921701 3.50331e-06 18.374007297149351894 0.00021472769671554025 10 1.7019 
58307.8354202118 3.37598e-06 18.37419347982946753 0.00015974147372019361 10 0.6841 
58313.7727200669 3.42878e-06 18.373899808966276809 0.00018737759663793916 10 1.9499 
58327.7520571619 3.40943e-06 18.374186549326508062 0.00027641896740301800 10 2.1741 
58341.7468399955 3.45943e-06 18.374088610474305106 0.00013462906686813726 10 0.8684 
58355.7086633719 3.43156e-06 18.374373495681139873 0.00023179587552460537 10 1.9911 
58369.6651864490 3.39633e-06 18.3742895747958203 0.00020954160151868923 10 0.9408 
58383.6235179306 3.39104e-06 18.374464791015895858 0.00015828903358038637 10 0.5014 
58393.6026829677 3.44467e-06 18.374312144578413181 0.00037201173945158986 10 3.3324 
58397.6025567087 3.4475e-06 18.374701700146735614 0.00029435050339912986 10 0.9824 
58404.6025314390 3.46001e-06 18.374369438212428631 0.00036851748964996062 10 1.6935 
58439.5019631010 3.51783e-06 18.374256373345511746 0.00030784100318081796 10 2.7027 
58463.4255699986 3.43078e-06 18.37473669309436893 0.00032045024751489775 10 0.9372 
58470.3804946595 3.41199e-06 18.374399552121541548 0.00036239013345148492 10 1.5581 
58477.3804009554 3.45484e-06 18.374243546313561232 0.00036923669401126935 10 1.3592 
58492.3110064377 3.41775e-06 18.37495769919752712 0.00030033970259636845 10 0.7220 
58499.2659161826 3.46098e-06 18.374635456803894991 0.00079108571628943626 10 1.8417 
58506.2659101084 3.3662e-06 18.375481434030675642 0.00039329622419401281 10 0.4922 
58513.2659786242 3.41551e-06 18.374336211640409788 0.00046138964200083307 10 0.5407 
58520.2207523100 3.42362e-06 18.374619135407955143 0.00037380082004505853 10 0.5838 
58527.2208193349 3.52619e-06 18.373566887126983127 0.00053145551476980666 10 2.5351 
58533.2207089456 3.49341e-06 18.37430385732304287 0.00019341966436000818 10 0.8049 
58541.1756623583 3.51349e-06 18.374467151468834566 0.00027468574704987659 10 1.4069 
58548.1756398887 3.48251e-06 18.374275679410513812 0.00026387056456188789 10 1.3098 
58555.1304960863 3.45211e-06 18.374049945993983272 0.00031227021249668894 10 1.6171 
58562.1305065725 3.49528e-06 18.374672322576000522 0.00034341991603100368 10 1.8786 
58589.0471888310 3.52008e-06 18.374081029472321755 0.00028587423832316083 10 0.4333 
58597.0471380872 3.51866e-06 18.375328959669432761 0.00056446259615121504 10 1.2919 
58604.0471169208 3.58456e-06 18.374829150209825497 0.00099671105196575804 8 1.5212 
58611.0055325414 3.05277e-06 18.374769306317481163 0.00093935187736867961 5 0.6381 
