#_MJD RANGE DM DMunc nToA chisq
56803.0124475651 1.4774e-06 35.729594534793542665 0.00021290897325345733 10 136.6397 
56886.7722010858 1.4636e-06 35.730019975264818793 0.00026010773446599332 10 148.4740 
56892.7567735216 1.46416e-06 35.729945569099144872 0.00025558221163897969 10 161.3294 
56907.7514988035 1.47356e-06 35.729711845883998084 0.00027433147785741363 10 225.7429 
56914.6887659099 1.46835e-06 35.729643315505282143 0.00021767937990183826 10 114.7324 
56921.6889742473 1.46608e-06 35.730090443846177571 0.00018573231423819910 10 64.4907 
56928.6889112748 1.47328e-06 35.728847668944480363 0.00020486312301157988 10 236.3534 
56949.6298320607 1.47134e-06 35.729599131575407671 0.00018009940901712334 10 266.5005 
56955.5722965002 1.47231e-06 35.729394073399633924 0.00018027752605867346 10 352.6869 
56966.5688762431 1.47056e-06 35.729466212191993844 0.00023986351064564241 10 619.1923 
56969.5916838971 1.47389e-06 35.729298493442871523 0.00027634168405516228 10 432.5679 
56977.5500145046 1.47546e-06 35.729043612339779466 0.00024724027333841090 10 146.1929 
56991.5081953849 1.47117e-06 35.72951640279282191 0.00019285965369366680 10 55.5308 
56998.4668070257 1.46971e-06 35.729242248971041059 0.00020531419302954057 10 154.0362 
57005.4874623022 1.4731e-06 35.729241762310542829 0.00025621536225482310 10 263.1589 
57012.4421093362 1.43929e-06 35.729247035582076493 0.00019383606047903966 10 187.0103 
57019.4423481334 1.47437e-06 35.728847162059839262 0.00027705766741822869 10 328.4433 
57026.3971194070 1.46538e-06 35.729163919053703247 0.00019042397989102076 10 245.0235 
57034.3624905754 1.4664e-06 35.728945381786730042 0.00021244500874325809 10 101.8390 
57041.3625360075 1.46596e-06 35.728857664798960175 0.00019558475407497982 10 95.2075 
57048.3172909344 1.46753e-06 35.728405457857032371 0.00021563373085884549 10 139.9223 
57055.3172723401 1.46432e-06 35.728190354255252189 0.00026474677747600383 10 126.4834 
57069.2720992156 1.4653e-06 35.728882657619632491 0.00022459572375683689 10 117.4650 
57076.2616278815 1.46431e-06 35.72966357842211332 0.00021814245077761928 10 160.8913 
57083.2617190611 1.4674e-06 35.729674241309774374 0.00024119336888555414 10 182.1940 
57090.2165270758 1.46019e-06 35.729494557636192791 0.00026175156830378268 10 187.7928 
57097.2172228314 1.46985e-06 35.729544919845161351 0.00029602738936657872 10 355.3346 
57104.1715546737 1.46627e-06 35.729017810287576763 0.00029065600472085471 10 483.0152 
57111.1716320175 1.46553e-06 35.729496998410615997 0.00026264806918958140 10 225.3238 
57118.1367236318 1.45433e-06 35.730674509044967054 0.00027032780955854959 10 88.3716 
57125.1194489859 1.46325e-06 35.729790645277612837 0.00023239440369488291 10 67.7928 
57132.0986824314 1.46756e-06 35.72955795685183358 0.00027775709789657171 10 134.7125 
57139.0986869491 1.54251e-06 35.729799100705301403 0.00034683699956095381 10 157.1839 
57153.0291312294 1.45555e-06 35.729270972291377956 0.00026624857333206804 10 130.7757 
57160.0291040332 1.46483e-06 35.729275957011048942 0.00029043034852871375 10 152.2862 
57167.0291612918 1.57698e-06 35.729174953911904997 0.00028680546082703002 10 114.5993 
57180.9840867585 1.467e-06 35.730243623481332118 0.00021555626520652010 10 45.3854 
57187.9388725421 1.46015e-06 35.729571440295269099 0.00018493876170541364 10 53.9710 
57201.8971809039 1.45753e-06 35.729415317667049014 0.00020668003712114526 10 145.8375 
57208.8972038492 1.46716e-06 35.72948830419338976 0.00020369946500015316 10 122.4651 
57229.8521049049 1.46899e-06 35.730033118056509611 0.00022574968925489930 10 32.3556 
57236.8068214913 1.46927e-06 35.729726810222734161 0.00023312109667623744 10 21.5538 
57243.8069050595 1.46584e-06 35.729917456763213759 0.00023805943127581556 10 17.5761 
57257.7375273529 1.47576e-06 35.729413541761766104 0.00021116582046688649 10 47.2675 
57271.7375762250 1.46727e-06 35.729751349800232426 0.00018921427498959332 10 39.5774 
57278.6922898380 1.46649e-06 35.729570218328977581 0.00013918931840660822 10 16.7191 
57292.6471570199 1.47066e-06 35.729127118101746921 0.00016770161855406683 10 90.7577 
57299.6471849043 1.46436e-06 35.729262412020592436 0.00016471599236053100 10 61.8036 
57313.5847048546 1.47169e-06 35.729118222634274667 0.00020120585027724212 10 87.0689 
57320.5397949168 1.47439e-06 35.729519856390016982 0.00017519632257342183 10 15.9128 
57327.5534421219 1.46766e-06 35.72937642683583466 0.00018704947447187014 10 29.7952 
57334.5396167766 1.46833e-06 35.729471703919165698 0.00016510689717943333 10 23.5860 
57341.5396558084 1.45409e-06 35.729551793553152115 0.00019120958915429099 10 21.4287 
57348.4943859958 1.46851e-06 35.729282257807500462 0.00017783095850443478 10 34.1675 
57355.4945288290 1.46792e-06 35.729162754807575815 0.00020676665873539728 10 65.1823 
57362.4492617044 1.47316e-06 35.729089792237898108 0.00021959294549711439 10 131.6532 
57369.4492785381 1.46623e-06 35.729190790804903791 0.00019744132957358728 10 86.2501 
57376.4042412894 1.47133e-06 35.729489633161984976 0.00019267526121306806 10 51.6096 
57386.4041698973 1.46801e-06 35.729070305577355013 0.00017835719430555629 10 53.7836 
57390.4042223370 1.46873e-06 35.729112921857409606 0.00016232452368204774 10 31.1794 
57398.3453560267 1.47205e-06 35.728505068356070245 0.00021283313916206940 10 115.9764 
57405.3452243575 1.4675e-06 35.728571271007862151 0.00026409096683375187 10 372.1735 
57419.3001193281 1.46751e-06 35.728359495062229658 0.00020325084220506560 10 347.5326 
57440.2550570666 1.52621e-06 35.728559934681565987 0.00024456219376561822 10 167.9880 
57447.2478592590 1.50995e-06 35.728208163719959195 0.00028478901971297797 10 324.7395 
57482.1200914649 2.12401e-06 35.72822765437320269 0.00030798787906335511 10 131.9611 
57489.1178941910 1.47774e-06 35.728152331390242786 0.00030627778403273162 10 164.9647 
57496.1194144154 1.51924e-06 35.728030150770845604 0.00030187088940016206 10 155.0493 
57503.0743380849 1.49342e-06 35.727851910759683321 0.00030408019910099944 10 191.7674 
57510.0745259894 1.71217e-06 35.727976786783110154 0.00029859551258264579 10 169.4405 
57517.0294193217 1.46725e-06 35.72792314023465635 0.00028452151546864285 10 73.2929 
57524.0291918677 1.46613e-06 35.727990204132991085 0.00028508459548009450 10 151.8324 
57531.0292266552 2.00573e-06 35.727706366907158897 0.00030765036162056696 10 167.1588 
57537.9667248219 2.00737e-06 35.727661469494086822 0.00023998863200703249 10 97.9657 
57544.9668054334 2.00729e-06 35.727564467532035828 0.00023706606082402569 10 91.7306 
57551.9668418257 2.00722e-06 35.727468309209688826 0.00027712977892471708 10 87.1863 
57558.9216225104 2.00657e-06 35.727642336184631977 0.00025380477567498995 10 41.0000 
57565.9215769030 2.00788e-06 35.727221578232666886 0.00024007872999819803 10 116.9286 
57572.9216141313 2.00034e-06 35.727120631532492671 0.00024382097326718674 10 137.7690 
57579.8516589704 2.00111e-06 35.727359152254329715 0.00018190188084729950 10 39.9175 
57593.8521930879 2.00286e-06 35.726968590045499605 0.00018626421801598125 10 52.1746 
57600.8521148824 2.00492e-06 35.727058786324327223 0.00018440631740767561 10 33.9447 
57607.8521039568 2.01086e-06 35.726763777453545839 0.00024889973917809711 10 38.2298 
57614.8069262006 2.00424e-06 35.726847642434068682 0.00015913556170355102 10 25.9650 
57621.8069257258 2.01002e-06 35.726796679475145622 0.00020781092782355150 10 41.4562 
57628.7201865716 2.00641e-06 35.726775342504333125 0.00019282324196633776 10 63.3465 
57635.7202930788 2.00415e-06 35.72666740473280856 0.00015969471635042098 10 36.4688 
57642.7202438448 2.0112e-06 35.726632848093666572 0.00016435212038683119 10 71.0160 
57649.6749608822 2.00806e-06 35.726641803939118477 0.00018601912985824728 10 97.7633 
57656.6749500542 2.00835e-06 35.726547723785315583 0.00018373027321352139 10 76.4493 
57663.6299261949 2.00968e-06 35.726411085563655256 0.00019777064487655539 10 100.8716 
57674.6124726010 2.01181e-06 35.726431379711511019 0.00020479306493463275 10 166.4052 
57681.6125130087 2.01266e-06 35.726434263587644721 0.00017527238515600922 10 117.4444 
57688.6124727427 2.00494e-06 35.726441409590678079 0.00014384350296076388 10 52.5123 
57698.5395256049 2.0078e-06 35.726228244195872532 0.00021876659699251576 10 159.3443 
57705.5397178679 2.00657e-06 35.726206824645673373 0.00017262149507954778 10 97.0717 
57719.4943302572 2.04203e-06 35.725905134146399011 0.00021375760879125807 10 279.1922 
57726.4944164423 2.01112e-06 35.72613968759916566 0.00020587204483878349 10 155.0064 
57733.4492225640 2.01595e-06 35.725999439846564613 0.00021183299583294330 10 232.0877 
57747.4255811655 2.01463e-06 35.726191930620570886 0.00022601765137837909 10 203.2662 
57762.3492865276 2.00734e-06 35.726215365029260821 0.00019312400310679209 10 115.8414 
57769.3492028424 2.00333e-06 35.726209698577835655 0.00017173878552338920 10 109.5266 
57776.2972484636 1.99903e-06 35.726022270161772426 0.00022172236126989016 10 116.8495 
57783.2972249228 2.00617e-06 35.726100343283259828 0.00022233804304137099 10 271.7449 
57797.2972361980 2.0037e-06 35.726216967829637447 0.00023338254556961503 10 199.7993 
57804.2070790570 1.99658e-06 35.725911368670400153 0.00021007174845398511 10 191.0087 
57818.2068494115 2.00334e-06 35.725957774032101152 0.00023961249765679820 10 329.9276 
57825.1680095138 2.00524e-06 35.72594535265921914 0.00023191660581283258 10 210.2332 
57832.1679880209 2.00254e-06 35.726007712696688172 0.00024962423517023067 10 249.8125 
57839.1679926004 2.00465e-06 35.7261722721044295 0.00025653246817213844 10 161.1104 
57846.1020853000 1.99998e-06 35.725904677910860236 0.00025694155580739973 10 216.2903 
57853.1020158380 1.99835e-06 35.726062270828170306 0.00026134774412981310 10 204.3676 
57860.1019879457 2.00577e-06 35.726468002952503113 0.00024208283327491995 10 129.1189 
57881.0325774359 2.10396e-06 35.726269296118525476 0.00025973859119054560 10 279.1217 
57888.0329658137 2.111e-06 35.726218990904407322 0.00023358632208516646 10 167.1827 
57895.0325982249 2.09982e-06 35.726176107379022738 0.00026063727560724534 10 101.8563 
57901.9665704084 2.09821e-06 35.726229336572743848 0.00023461004623599697 10 111.3847 
57908.9666116125 2.10312e-06 35.726214468075033884 0.00023258533294495153 10 165.5867 
57915.9666261137 2.1011e-06 35.726308276793072159 0.00023445789409460497 10 167.8032 
57936.9215517475 2.10073e-06 35.726321686845543789 0.00025729590602814752 10 153.9699 
57943.8973443219 2.10135e-06 35.726083454548032581 0.00020311678493996276 10 195.4328 
57950.8972319287 2.10071e-06 35.726060830472665873 0.00022097190601027772 10 355.6679 
57957.8972646192 2.1043e-06 35.726125307333159942 0.00030490846508624832 10 593.0660 
57964.8068820371 2.15765e-06 35.726291325922242961 0.00018798038949559287 10 305.3989 
57985.7201783931 2.10268e-06 35.726152689851403861 0.00020996567212846340 10 167.7042 
57999.7200835195 2.1035e-06 35.726202981991764581 0.00016831456629258870 10 165.7261 
58006.7201214155 2.09859e-06 35.726207455418100192 0.00018155531182387192 10 182.8651 
58013.6749143651 2.103e-06 35.726073544292463551 0.00017987684212416463 10 204.2797 
58020.6749091693 2.10259e-06 35.72619559861146836 0.00016764975184922165 10 65.6152 
58027.6297976458 2.11267e-06 35.726134841245686561 0.00019232434772399238 10 76.2821 
58034.6298204572 2.10862e-06 35.726155109812908296 0.00019987845878118973 10 156.9975 
58048.5846505112 2.10261e-06 35.726317547919660023 0.00019001849566902020 10 87.8821 
58055.5846806563 2.10521e-06 35.72633543042004025 0.00019356010002791635 10 85.7608 
58125.4041502782 2.1169e-06 35.726146287530829469 0.00019199703288536155 10 42.4240 
58132.4041047544 2.13641e-06 35.726219192908104123 0.00021543446009986437 10 63.5739 
58147.3276723907 2.13172e-06 35.7264241627999991 0.00018438716584837187 10 72.4746 
58154.2825778014 2.12673e-06 35.726350803689423462 0.00020528713173426094 10 89.6147 
58161.2825871479 2.13875e-06 35.726390938772844927 0.00017801946985713268 10 85.5739 
58168.2380593874 2.02299e-06 35.72605085515577265 0.00022637612851240658 10 204.7337 
58175.2380132315 2.02413e-06 35.726000610192812146 0.00022877487546444373 10 162.1172 
58182.2380171593 2.05597e-06 35.725970760221142278 0.00026256238028747917 10 337.4360 
58189.1964704682 2.02054e-06 35.726039543994060267 0.00023942422928753423 10 210.2283 
58196.1964548035 2.01936e-06 35.725794099261742043 0.00026705962910887214 10 313.2031 
58203.1548044013 2.01869e-06 35.726004152989994038 0.00027112145397323247 10 351.6891 
58210.1548026361 2.02634e-06 35.726158295512485667 0.00025453949863309426 10 518.6288 
58217.1548380160 2.02369e-06 35.726248119734694397 0.00030988689053297938 10 301.0102 
58224.1131139575 2.01869e-06 35.726205227937916427 0.00025996688899605639 10 233.0059 
58231.1131470560 2.02055e-06 35.726160621356151902 0.00027668053795357867 10 247.3921 
58238.1132200510 2.01549e-06 35.726216020733954963 0.00028301149234791803 10 133.0072 
58245.0956899867 2.08377e-06 35.726294197769449187 0.00028531620276142064 10 192.6881 
58252.0957928750 2.01977e-06 35.726158902455707363 0.00030432964208471460 10 310.1384 
58259.0124518543 2.01642e-06 35.726033540295450825 0.00026964285257881831 10 391.2479 
58266.0055159346 2.02259e-06 35.725686201457676035 0.00028841271440952572 10 38.6681 
58273.0055891857 2.01604e-06 35.725928514669130959 0.00026853098109896108 10 283.7112 
58286.9638968722 2.0183e-06 35.725809867872881962 0.00024566512396528205 10 237.4086 
58300.9227254683 1.99924e-06 35.726005613757018563 0.00018097169901580153 10 56.4680 
58307.8805620927 2.10664e-06 35.725881140362557166 0.00020871407321937217 10 78.9456 
58314.8113289733 2.18082e-06 35.726031997937766078 0.00017547602538485132 10 70.3343 
58328.7902852885 2.0408e-06 35.726197288387979003 0.00020389371372733629 10 37.7156 
58342.7866208604 2.21889e-06 35.726123337888868889 0.00017568746990116653 10 85.1765 
58356.7467863254 2.18847e-06 35.726108625137925852 0.00014396273932632466 10 36.3856 
58370.6964520965 2.11934e-06 35.726122420291528618 0.00016237586123796563 10 50.3035 
58384.6582079442 1.79484e-06 35.725938418410796042 0.00015292477193751285 10 74.0979 
58394.6374119806 1.97261e-06 35.725785445254728569 0.00018057970578161105 10 66.3595 
58405.6374531759 1.87347e-06 35.725837980844924961 0.00019971558082988765 10 71.8506 
58440.5679668820 1.83836e-06 35.725351409486523331 0.00023813720983703040 10 212.6473 
58449.4916432592 1.74287e-06 35.72522398867664916 0.00018664125554436245 10 236.6284 
58456.4709799593 1.70233e-06 35.725319586808488875 0.00024308992381947420 10 300.5089 
58463.4708450959 2.12229e-06 35.725439850553405697 0.00019553831815791159 10 138.7396 
58470.4256280177 1.72479e-06 35.7253444087504075 0.00019540880905724627 10 141.2155 
58477.4256171191 1.97442e-06 35.725313140033256559 0.00020447406194488098 10 190.2153 
58491.3839955066 2.0218e-06 35.725389137890453329 0.00022792525810799393 10 363.5140 
58499.3111462267 1.77303e-06 35.725331178103077834 0.00019902176661202884 10 223.8393 
58506.3111146941 1.6314e-06 35.725445915409082674 0.00022757374583890451 10 228.5895 
58513.3110651320 1.66918e-06 35.725489260293844255 0.00023396526384744640 10 296.4934 
58520.2658684094 1.6619e-06 35.725426465557954678 0.00023359410818379000 10 347.4205 
58527.2658982691 2.07291e-06 35.725564733985315125 0.00019530104913727307 10 154.0441 
58533.2658128622 1.8048e-06 35.725512698179861821 0.00020710457586558197 10 153.3395 
58541.2207181594 1.94167e-06 35.72549900217134744 0.00024647973491604916 10 180.6290 
58548.2207045798 1.79802e-06 35.725518404098689403 0.00025334644564299342 10 296.2705 
58555.1757230461 2.03004e-06 35.725543343547711963 0.00024139548703270400 10 276.0328 
58562.1756027988 1.69479e-06 35.725445552587972307 0.00025010104880651815 10 280.1237 
58589.0923023953 1.81295e-06 35.725914810500740318 0.00020634093972824951 10 112.6750 
58597.0922780996 1.66997e-06 35.725847230867471199 0.00021701941428457812 10 136.3852 
58604.0923224146 1.73233e-06 35.725992883439252681 0.00023434145846557908 10 93.4568 
58611.0506154092 1.66105e-06 35.72590689122963472 0.00024487884078062868 10 75.6109 
58625.0054492426 1.65001e-06 35.725970489987719743 0.00023200951272173395 10 165.8857 
58632.0055215807 1.44451e-06 35.726267507763177604 0.00026737079662573495 9 89.5365 
