#_MJD RANGE DM DMunc nToA chisq
56886.8632066035 3.71317e-06 19.375025273655247583 0.00048010173308192798 8 0.4106 
56914.7965303260 3.65221e-06 19.374527241034952749 0.00061068990321255106 9 0.8441 
56921.7965269815 3.6914e-06 19.374901855210349549 0.00070420845537942970 9 0.9607 
56928.7514402094 3.71857e-06 19.375498961004908437 0.00034530343359039513 9 0.2976 
56942.7201987933 3.70087e-06 19.375456264903150535 0.00091345836773544541 9 1.8665 
56949.7202189620 3.66946e-06 19.375222852855030332 0.00065006354767298713 9 0.7770 
56955.6686936518 3.71979e-06 19.374516026203292943 0.00046903551533090785 9 0.5493 
56966.6435759735 3.7061e-06 19.375479395227461205 0.00038231140764332803 9 0.3155 
56969.6818909364 3.71514e-06 19.376200342992792699 0.00082663405248951829 9 1.2825 
56977.6407341491 3.70734e-06 19.375067790674585844 0.00077125380503331568 9 1.3071 
56991.5990493560 3.68465e-06 19.376308355243610278 0.00064647000431183204 9 0.7920 
56998.5569872283 3.73715e-06 19.376536597697375339 0.00088249564834590676 9 1.3700 
57005.5778045167 3.70767e-06 19.377047769787070493 0.00054186366983599013 9 0.4594 
57019.5325800845 3.71028e-06 19.376181627253603434 0.00079084943354464999 9 1.0111 
57026.4880413993 3.73047e-06 19.375090050590277654 0.00111571237160697939 9 2.4164 
57033.4423884369 3.82751e-06 19.374344753871540044 0.00078417129367856721 9 1.0575 
57040.4424299850 3.72155e-06 19.375385480342901411 0.00088116365596319752 9 1.5077 
57047.3971798995 3.76779e-06 19.376572651168017098 0.00094913298598267928 9 1.4692 
57054.3971947957 3.73573e-06 19.376324464194178464 0.00061855782873648172 9 0.7572 
57069.3629918777 3.72682e-06 19.37560612867379207 0.00098199490598040477 9 1.5346 
57076.3522264149 3.73822e-06 19.37684904638730094 0.00056571761086388116 9 0.6059 
57083.3521504663 3.7041e-06 19.376056568302531712 0.00060918220239289281 9 0.4720 
57090.3075494974 3.65138e-06 19.375031300237044417 0.00103608247832263889 9 1.7427 
57097.3075379724 3.66424e-06 19.375958427533498859 0.00075825093045951795 9 0.9619 
57104.2616850934 3.67557e-06 19.377884748511225813 0.00080781820748805405 9 1.0011 
57111.2619009211 3.7025e-06 19.37491660031562095 0.00068183233955984839 9 0.7524 
57118.2269754879 3.6871e-06 19.375298873386266947 0.00057360018666005011 9 0.4964 
57125.2096405457 3.70579e-06 19.376203876319019654 0.00045956242962980320 9 0.3936 
57132.1888481577 3.73449e-06 19.377551021020730553 0.00096130158947810827 9 1.5981 
57139.1888424347 3.74187e-06 19.375727267963584431 0.00042844546430778960 9 0.3259 
57153.1199400466 3.80299e-06 19.375464652874675949 0.00049370179828385572 9 0.4129 
57160.1199257572 3.77651e-06 19.376219610515180037 0.00085199531322983641 9 1.0352 
57167.1198484490 3.78683e-06 19.376562660361361785 0.00081026895356062342 9 0.9776 
57174.0742951927 3.81808e-06 19.375255812856541521 0.00057045612118734456 9 0.6139 
57181.0742217091 3.7904e-06 19.376134849413734127 0.00059106575044314729 9 0.6821 
57188.0296043730 3.84305e-06 19.375920740207087418 0.00054471114190995527 9 0.4951 
57201.9879428377 3.81934e-06 19.375674210619430706 0.00085325775169594080 9 1.0802 
57208.9880055927 3.77652e-06 19.376365711357873388 0.00045191338730698734 9 0.2992 
57229.9423078477 3.74952e-06 19.376927614291989801 0.00100458606284943228 9 1.3886 
57236.8972587634 3.71297e-06 19.37534915113095637 0.00073773283857596524 9 0.8279 
57243.8972793430 3.72512e-06 19.37404518082455152 0.00118442184063820830 8 0.9595 
57257.8278081143 3.78236e-06 19.376986231731201696 0.00148680311275419387 9 2.8864 
57264.8294326078 3.70956e-06 19.3766812155493546 0.00097641770937140584 9 0.9211 
57271.8278476026 3.70756e-06 19.374944404495599192 0.00041433447906217999 9 0.2053 
57278.7826946655 3.79454e-06 19.376827899925247447 0.00085652087692687426 9 0.9362 
57292.7380306582 3.79324e-06 19.375348113772855501 0.00082979305082889307 9 0.9863 
57299.7381716702 3.72966e-06 19.37684440537096001 0.00095848582302006022 9 0.9560 
57313.6929129912 3.727e-06 19.376665302669188011 0.00074995274029798049 9 0.6016 
57320.6471642588 3.87419e-06 19.374401825431092459 0.00068669675774708956 9 0.5668 
57327.6471968345 3.83564e-06 19.377313198516001458 0.00114438628129649765 9 1.3004 
57334.6473017927 3.7681e-06 19.376610499089346761 0.00088024217826872405 9 1.0044 
57341.6469808700 3.76767e-06 19.37793745266840534 0.00140053730515083980 8 1.9262 
57348.5847453297 3.79669e-06 19.376881932776670885 0.00091966661996186394 9 1.2401 
57355.5848236164 3.72977e-06 19.376199097284343024 0.00047469480462673477 9 0.2693 
57362.5400846356 3.80109e-06 19.376524139465013221 0.00092191574115692602 9 1.0944 
57369.5401657653 3.72426e-06 19.376829765519780804 0.00061029012904180403 8 0.2185 
57376.4954750169 3.77079e-06 19.377840697219081275 0.00089461949104692614 9 0.8868 
57386.4945608328 3.7416e-06 19.37904265401917389 0.00064228947214560038 9 0.4649 
57390.4954771807 3.71378e-06 19.375607784337586594 0.00079156852047644426 8 0.2936 
57397.4501030596 3.74172e-06 19.378016378197729083 0.00092565727451365040 9 0.8932 
57404.4501468334 3.70594e-06 19.379001647204119559 0.00067422992751812734 9 0.5263 
57418.4041586417 3.7706e-06 19.379484600002439474 0.00105675979824797054 9 1.3716 
57421.3929592199 3.72168e-06 19.37744842839943884 0.00068219696598959489 9 1.1523 
57426.3555557913 3.77022e-06 19.375876254932997164 0.00114633436046142584 9 1.2759 
57433.3546048179 3.6131e-06 19.380195308740597863 0.00062549970962408558 9 0.3731 
57440.3554869774 3.61784e-06 19.377723159553091867 0.00145811594523641134 9 1.7695 
57447.3381501121 3.42182e-06 19.377834158096829922 0.00049302811131363166 8 0.1824 
57482.2106220736 3.68739e-06 19.378903950881560193 0.00112887064884704827 8 0.8855 
57496.2107599627 3.63022e-06 19.37734977156341841 0.00031217984045519952 9 0.1003 
57503.1647772025 3.76145e-06 19.377573703766732893 0.00055336983677293095 8 0.4289 
57510.1652549990 3.7461e-06 19.377647997946993431 0.00080173884897740539 9 0.7223 
57517.1204790577 3.66856e-06 19.378206789926827406 0.00080373400028834732 9 0.7951 
57524.1194809255 3.77231e-06 19.378659930581939138 0.00045708862616371444 9 0.3794 
57531.1194697832 3.80801e-06 19.377616338050973045 0.00077902235727830057 9 0.9362 
57538.0753875552 3.98818e-06 19.378156402237861632 0.00076411202432869624 8 0.9444 
57545.0742923297 3.78869e-06 19.376588959380318862 0.00053564925033198552 9 0.4732 
57552.0742861521 3.79243e-06 19.376607017319228285 0.00068495304898228250 9 0.8126 
57559.0291505975 3.78371e-06 19.376363027581576555 0.00067059344515590252 9 1.0103 
57566.0290938804 3.77747e-06 19.377626359508464651 0.00058539656843672051 9 0.8415 
57573.0290447903 3.81117e-06 19.375638974194745946 0.00043173012950787070 9 0.3748 
57579.9426915758 3.73715e-06 19.378092390763592117 0.00039142324260076344 9 0.3072 
57593.9426306307 3.7604e-06 19.37531354646300164 0.00068945814408100266 9 1.1533 
57600.9426774072 3.77227e-06 19.375726650011175337 0.00058992147568118062 9 0.7186 
57607.9428181037 3.82283e-06 19.376167939879266094 0.00055988089988070165 9 0.5134 
57614.8972143046 3.73647e-06 19.375833058746434155 0.00054537444383723156 8 0.5910 
57621.8977650858 3.79375e-06 19.376018461436627541 0.00107211390588242872 9 2.3073 
57628.8103917999 3.73237e-06 19.376418058308348125 0.00045040696659019236 9 0.6069 
57635.8110945042 3.7038e-06 19.376982296800049561 0.00072747161000226998 9 1.3630 
57642.8110999894 3.66876e-06 19.37543813852596101 0.00058101179140405718 9 0.9165 
57649.7652862208 3.79281e-06 19.375149863034938948 0.00060852334680607401 9 1.2351 
57656.7656506975 3.70328e-06 19.37543427441557076 0.00046507935259078542 9 0.6020 
57663.7202313126 3.82347e-06 19.375713944997095324 0.00057959160404863746 9 1.0315 
57674.7031586485 3.7865e-06 19.374989850970756225 0.00039608396171539003 9 0.5269 
57681.7031950330 3.72664e-06 19.374966608349252127 0.00051664181529211429 9 0.8352 
57688.7031225037 3.68178e-06 19.376203566708198281 0.00059647966039491076 9 0.9156 
57698.6298723782 3.74093e-06 19.375363031783053927 0.00047000295008779735 9 0.7385 
57705.6302348372 3.71154e-06 19.375755305994287109 0.00041225049178401972 9 0.5195 
57719.5847238132 3.72729e-06 19.374890406194777731 0.00043426859919476447 9 0.6469 
57726.5846694623 3.66916e-06 19.375318718450482683 0.00087759329869515463 9 2.0944 
57733.5403631688 3.72534e-06 19.375169986546994695 0.00055524784922835260 9 1.1305 
57740.5402331316 3.64998e-06 19.374846996466315379 0.00052986700559181580 9 1.0465 
57747.5159800071 3.66646e-06 19.37449766209846477 0.00026413995170271185 9 0.2400 
57761.4708884231 3.78614e-06 19.37581136874354198 0.00058403312451634859 9 1.0968 
57775.4187378932 3.83395e-06 19.375154946928727639 0.00055870229042503212 9 1.0140 
57782.4187907849 3.69954e-06 19.376214615606528333 0.00036572550256167339 9 0.4861 
57796.4188354052 3.72052e-06 19.375543053915514808 0.00067664330060058337 9 1.2489 
57804.2972369292 3.80159e-06 19.375075999910936927 0.00065677480680760732 9 1.2946 
57818.2972261898 3.80468e-06 19.374593409984584567 0.00036315872556185987 9 0.4036 
57825.2581825127 3.87447e-06 19.375440864880515852 0.00044990733182259917 9 0.6373 
57832.2581633311 3.75814e-06 19.373580297986163361 0.00068416492130573734 9 1.7824 
57839.2584725529 3.73219e-06 19.374025304979914779 0.00048168493786571496 9 0.8250 
57846.1922110169 3.81791e-06 19.375401863185359745 0.00058262606348656089 9 1.1476 
57853.1922283702 3.86219e-06 19.374524084101009399 0.00032711718189390568 9 0.3539 
57860.1922740544 3.72311e-06 19.374741671054842762 0.00063425713143361339 9 1.5276 
57881.1228314572 3.81243e-06 19.374868229403138655 0.00044525907388649278 9 0.7088 
57888.1228805913 3.77305e-06 19.37554150327161861 0.00055228622905711543 9 1.2075 
57895.1227927693 3.75587e-06 19.374350060941806624 0.00059685720014327794 9 1.3206 
57902.0569075485 3.833e-06 19.375360316956808514 0.00042994597157166290 9 0.6978 
57909.0569094434 3.78606e-06 19.375955992711087171 0.00051772166040697624 9 1.0576 
57916.0569045524 3.78653e-06 19.375194687932967719 0.00025032395586603931 9 0.1956 
57930.0117580162 3.77136e-06 19.375306418864174198 0.00053710222994539500 9 0.8383 
57937.0116121272 3.79327e-06 19.375634907641696365 0.00043123259275752441 9 0.6025 
57943.9873877677 3.77639e-06 19.376326658471590376 0.00057587777399768260 9 1.0995 
57950.9873794108 3.80148e-06 19.376108032679922809 0.00050322735851960807 9 0.6820 
57957.9873929654 3.82566e-06 19.375910313436400047 0.00023215374269835461 9 0.1190 
57964.8972032363 3.7001e-06 19.376142694383976423 0.00038256075209383935 9 0.4802 
57985.8103771985 3.76194e-06 19.375642682678509412 0.00051655727757166656 9 0.8960 
57999.8103945247 3.75373e-06 19.376676137675997015 0.00036068681073952129 9 0.3860 
58006.8104627703 3.66724e-06 19.37754454271059423 0.00042192894353727383 9 0.4947 
58013.7652302427 3.86014e-06 19.376796516982489907 0.00050783432375263644 9 0.7135 
58020.7653766294 3.71261e-06 19.376786245322180878 0.00074038180374385633 9 1.5906 
58027.7201229803 3.87053e-06 19.375649605543553568 0.00066844827858685062 9 1.1312 
58034.7201933050 3.76774e-06 19.377491131006389076 0.00061633994114736938 9 0.8718 
58048.6749437165 3.75645e-06 19.377256412114341143 0.00061848789327984650 9 1.0021 
58055.6751088373 3.74789e-06 19.37717554740606677 0.00079921223856317431 9 1.6399 
58069.6751573086 3.73771e-06 19.376760159106687443 0.00062744428527755798 9 0.8430 
58076.6297705444 3.70064e-06 19.377283014516161672 0.00051151775052467124 9 0.6417 
58083.5848097159 3.7297e-06 19.377288824545993665 0.00065920973850111845 9 1.1546 
58090.5846941526 3.676e-06 19.376724446790825982 0.00070399310794283228 9 1.3161 
58097.5848506312 3.71562e-06 19.376730774133382365 0.00095618060413336285 9 2.0828 
58104.5396580083 3.68412e-06 19.37624777372580946 0.00061081260996113983 9 1.0084 
58118.4945364575 3.72749e-06 19.376690369860409924 0.00077462516480768858 9 1.5944 
58125.4944277314 3.77052e-06 19.377104450701347621 0.00066223417121681095 9 0.8992 
#58132.4943078594 3.71765e-06 19.379328271232498508 0.00040728954578053044 9 0.2979 
58146.4492238467 3.68729e-06 19.377577345269329869 0.00055704221000959543 8 0.4916 
58153.4041633208 3.85723e-06 19.377744703092205644 0.00078126626037510599 9 1.1692 
58168.3284349225 3.8493e-06 19.376924441508116059 0.00050362083213538727 9 0.4731 
58175.3284890636 3.71395e-06 19.375786094812848977 0.00075806774139410981 9 1.0743 
58182.3285036877 3.71173e-06 19.376264584095598289 0.00057528492439577869 9 0.6042 
58189.2867914627 3.70307e-06 19.377678748452050544 0.00067377712786828548 9 0.9131 
58196.2868340011 3.67525e-06 19.376244757133501606 0.00063110345362974883 9 0.7029 
58203.2450627659 3.77527e-06 19.376032150217518017 0.00075756090635380451 9 0.9199 
58210.2451553391 3.65601e-06 19.376858551293971538 0.00056549587609752542 9 0.5745 
58217.2451494716 3.65625e-06 19.378239489826300495 0.00062802510863857529 9 0.5239 
58224.2033848995 3.69805e-06 19.377743208858655245 0.00102306820516917508 9 1.5931 
58231.2033881956 3.68679e-06 19.376196132009995052 0.00072130726393066934 9 0.8656 
58238.2034276599 3.71804e-06 19.376849075951923731 0.00095775214347975724 9 1.2411 
58245.1861289691 3.59012e-06 19.377039651702937528 0.00132860612361001369 8 1.8746 
58252.1861653311 3.59795e-06 19.375883531741865276 0.00105137688711122988 8 0.8616 
58259.1027137558 3.76161e-06 19.377693475766908236 0.00054740830866447450 9 0.4368 
58273.0957113520 3.76924e-06 19.37639444667377203 0.00089772337686235069 9 1.0258 
58287.0540903726 3.77656e-06 19.377164061094077881 0.00089827940010903118 9 0.9759 
58307.9708150286 3.77807e-06 19.378094940075710591 0.00120525283707573682 9 1.4001 
58314.8982026443 3.74917e-06 19.376538189564605726 0.00047595366766654102 9 0.4319 
58328.8771549150 3.70699e-06 19.376163040106505205 0.00152266240959048147 9 2.2204 
58356.8339559561 3.70641e-06 19.378682418454737673 0.00106976730479828178 9 1.9643 
58370.7832926447 3.74671e-06 19.377959402713083141 0.00086080508522210397 9 0.9894 
58384.7451818997 3.79082e-06 19.379748431969362688 0.00061067269928799539 9 0.5122 
58394.7244135120 3.71583e-06 19.377998206560838592 0.00087195945603204205 9 1.0821 
58405.7243797821 3.64087e-06 19.377703336290271958 0.00157620016440266362 8 1.9103 
58440.6548317459 3.70599e-06 19.379941061666727579 0.00082805942871136526 9 0.5281 
58449.5820582088 3.7168e-06 19.379425233332456036 0.00067553214327682330 8 0.2169 
58463.5611876980 3.20442e-06 19.37698279687105688 0.00112092288029509235 7 0.5850 
58470.5160362696 3.71215e-06 19.379811918530594372 0.00086594681132686217 9 0.5901 
#58477.5159492158 3.05814e-06 19.376139608043543676 0.00630496473300393243 5 3.2014 
#58491.4744037530 3.20603e-06 19.378999055334838384 0.00351158207364468851 6 1.5152 
58498.4291556943 3.26049e-06 19.378461597784606758 0.00106792356205690354 8 0.6717 
58505.4292385584 3.70442e-06 19.376648059389259026 0.00102040015857217761 7 0.3638 
58512.4292022413 3.67965e-06 19.380253751983556671 0.00161102832751353455 8 1.0875 
#58526.3736190037 3.20639e-06 19.37739014837352431 0.00329857222813668190 5 0.6103 
58532.3840067240 3.20799e-06 19.376883056879290575 0.00205584788854597245 7 1.0959 
58541.3111396360 3.28935e-06 19.37979983725472693 0.00121781592551956259 8 0.8429 
58548.3111739306 3.20719e-06 19.380502273821462515 0.00160945975149049520 8 1.6741 
58555.2658150614 3.69702e-06 19.379764680042501175 0.00093519216926206124 8 0.4656 
58562.2658711919 3.67806e-06 19.379122380342498453 0.00138973694002669204 8 1.5376 
58589.1825491711 3.73133e-06 19.379173365814655449 0.00132901652497089285 9 1.5578 
58597.1826135031 3.73738e-06 19.377653328631851151 0.00150110306745278332 8 1.0750 
58604.1826004603 3.71152e-06 19.379464352885757843 0.00124911234105934605 8 0.6927 
58611.1410152214 3.78508e-06 19.375185406896376658 0.00085382183243747252 8 0.3661 
58625.0957882534 3.76581e-06 19.3789568344099867 0.00140636887155699331 8 1.1471 
58632.0957275305 3.66723e-06 19.374846668215190909 0.00063367150005598288 8 0.2739 

