#_MJD RANGE DM DMunc nToA chisq
56886.9527506795 2.72048e-06 14.184124163516310184 0.00002643903929798911 8 0.1589 
56893.9318885008 2.7267e-06 14.184017991876546386 0.00004300841467871080 9 0.5737 
56907.9319268582 2.7317e-06 14.184244512411714342 0.00004400914570953984 9 0.5392 
56914.8867635134 2.74855e-06 14.184248196241987724 0.00004698517462394021 9 0.6708 
56921.8867362854 2.69639e-06 14.183931986693982398 0.00007667383983005271 9 1.6199 
56928.8417384577 2.73965e-06 14.183928561361658087 0.00004974529271363097 9 0.5945 
56942.8417203167 2.74216e-06 14.184506432914532052 0.00009567029737485534 10 2.7984 
56948.7999407160 2.75214e-06 14.184172287126144656 0.00008999739492211594 9 1.6255 
56955.7584137086 2.73487e-06 14.18437975930603827 0.00004688916349488181 10 0.7583 
56968.6888216522 2.76117e-06 14.184101980959920079 0.00006230050970948061 10 0.9164 
56977.7305184633 2.74506e-06 14.183985989696544933 0.00007402754650390774 10 1.3618 
56991.6888747409 2.7423e-06 14.184419539509749396 0.00007698917495152773 9 1.0350 
56998.6472279559 2.58867e-06 14.18407682003851561 0.00011060348293951894 8 1.5829 
57005.6680555717 2.72167e-06 14.1839585154777108 0.00004229662309668213 10 0.3550 
57012.6231046219 2.76409e-06 14.18455531986159435 0.00008894687089704259 9 1.2115 
57019.6230037169 2.74414e-06 14.184619712196257388 0.00010621013804965478 10 2.3563 
57026.5779026384 2.74007e-06 14.184164422113456915 0.00007913613559303487 10 1.0824 
57033.5325782457 2.74301e-06 14.184521472673361105 0.00009141262800765389 10 1.6430 
57040.5324842936 2.73429e-06 14.184394681890540186 0.00010264882644402890 10 2.2303 
57047.4876324808 2.73737e-06 14.184170855191330744 0.00011367677000041377 10 2.3695 
57054.4877020690 2.71672e-06 14.184469672324496344 0.00007008390879728736 10 0.9810 
57068.4423706610 2.72596e-06 14.184186067325091077 0.00005091860707661922 10 0.5451 
57075.4493942773 2.73871e-06 14.184265026813677102 0.00006912770799308101 9 0.9042 
57082.4493937959 2.73731e-06 14.184413790206460868 0.00013866447846813763 10 3.0200 
57089.4035429829 2.69782e-06 14.184281466716399865 0.00008888721392408387 10 1.2245 
57096.4042210512 2.72852e-06 14.1843071579672028 0.00007201696805946099 10 0.9144 
57104.3520115053 2.72464e-06 14.184605450285695138 0.00010533002953176008 10 2.4256 
57111.3519321659 2.73337e-06 14.184213696581504457 0.00007081951464192799 10 0.8389 
57118.3174711411 2.74427e-06 14.184378737235874431 0.00010788068909242542 10 2.2016 
57125.2999837475 2.72591e-06 14.184383379689368145 0.00012375390566067226 10 3.4089 
57132.2792187079 2.76457e-06 14.184140738180893679 0.00005031910472044812 10 0.5190 
57139.2791461080 2.69219e-06 14.184243372548718777 0.00009267110786873381 10 1.0613 
57153.2095493290 2.72492e-06 14.18427949371682464 0.00008013881222726784 10 1.1899 
57160.2097192224 2.67885e-06 14.183862068649672364 0.00007685223211606862 10 1.0101 
57167.2096601244 2.74255e-06 14.183902002011071074 0.00009730808060071157 9 1.4670 
57174.1645578800 2.67982e-06 14.183898858798870845 0.00007561294293843552 9 0.8872 
57181.1645700853 2.7164e-06 14.18397611134047851 0.00008970175502443300 10 1.5023 
57202.0777618287 2.80501e-06 14.183988043505038946 0.00003898180504524902 8 0.2539 
57209.0777304206 2.72502e-06 14.184499306348855856 0.00010614611750323849 9 1.8722 
57230.0326228938 2.65705e-06 14.184321564156579888 0.00009450410916358994 9 1.3196 
57243.9875096608 2.70779e-06 14.184038195369388362 0.00006572943244474477 9 0.8833 
57257.9180456076 2.73036e-06 14.184188311861961271 0.00007843472217691000 10 1.2181 
57264.9180160563 2.73072e-06 14.184114367018086708 0.00005963213430524835 9 0.6808 
57271.9180195624 2.70434e-06 14.184138477866458025 0.00007549297040191418 9 0.8982 
57278.8731901501 2.75523e-06 14.184263544493022024 0.00010822009889785928 10 2.1917 
57292.8278336679 2.74651e-06 14.184108426713550421 0.00007792972931102873 10 1.2647 
57299.8278343529 2.749e-06 14.184257740250620351 0.00006092938114177135 10 0.6469 
57313.7826387805 2.75904e-06 14.184166910736674841 0.00009684337067949328 10 2.5268 
57320.7375526497 2.76458e-06 14.184148002164261189 0.00007300087363468624 10 1.1597 
57327.7374753523 2.72688e-06 14.184421185761052604 0.00007858511147660446 10 1.3217 
57334.7375675160 2.74442e-06 14.18438639748589618 0.00008748616514565303 10 1.5833 
57341.7378155908 2.7842e-06 14.184198682819880845 0.00005852149030331140 10 0.6376 
57348.6922550434 2.74166e-06 14.184321788862113944 0.00010063779817358284 9 1.5527 
57355.6924890916 2.72497e-06 14.184204912716882072 0.00010021173557885356 9 1.6057 
57362.6298904507 2.74145e-06 14.184492893217803243 0.00008625435628892105 10 1.8286 
57369.6298059424 2.7439e-06 14.184427376223703722 0.00004907855270078619 10 0.4408 
57376.5849520772 2.77143e-06 14.184241570496856137 0.00007836126630098605 10 0.8874 
57386.5846314780 2.75085e-06 14.184793647423406825 0.00011566944315416405 10 2.3505 
57390.5848120131 2.72685e-06 14.184178502945648045 0.00008225421735668726 10 1.1709 
57397.5396390960 2.73644e-06 14.184751339023575966 0.00005492410344705700 10 0.5640 
57404.5396645372 2.76079e-06 14.184416564443226197 0.00008406615901217982 9 1.0734 
57418.4946385079 2.75279e-06 14.184489025037952692 0.00003548737199529930 10 0.2090 
57425.4495525624 2.74912e-06 14.184553957335917125 0.00009321120257653392 10 1.4136 
57524.2098782726 2.73232e-06 14.184340135976042332 0.00007310284636136175 10 1.1556 
57531.2097980392 2.71476e-06 14.184173603828248711 0.00005561549185524475 9 0.4359 
57538.1646795198 2.6645e-06 14.184267049846202573 0.00007989684744660911 9 0.8435 
57545.1646419334 2.72712e-06 14.184191826285126702 0.00013343120969535748 9 2.6659 
57552.1645864453 2.64337e-06 14.183844716397590633 0.00011282545154958466 9 1.5769 
57559.1195422231 2.68167e-06 14.184527088835492062 0.00009557133429172367 9 1.3712 
57566.1195050602 2.71813e-06 14.1842605147393737 0.00008919587699767288 8 0.9492 
57573.1196195043 2.68235e-06 14.184420470618396725 0.00008893150516078979 9 1.4429 
57580.0326348999 2.74694e-06 14.184496369634772073 0.00004228824071386590 10 0.3854 
57594.0328148037 2.7375e-06 14.184272480746469471 0.00010584659650824123 8 1.5228 
57601.0328843305 2.71277e-06 14.183956029358918798 0.00008637626768478424 9 1.0280 
57608.0327897664 2.71755e-06 14.1839285558411181 0.00010663140336100981 9 1.4073 
57614.9877205283 2.74508e-06 14.184278374419288521 0.00009767612780697516 9 1.0945 
57621.9878015135 2.73982e-06 14.184348289517297227 0.00006104781023250297 5 0.1812 
57628.9008776063 2.73642e-06 14.184404734406971773 0.00003274535807685846 10 0.2373 
57635.9007558846 2.73172e-06 14.184447543824862735 0.00009527620520650390 9 2.0924 
57642.9007882630 2.73285e-06 14.184551655245830165 0.00005275932930628693 9 0.4925 
57649.8556226963 2.75374e-06 14.184178490265312677 0.00009549610100471595 10 2.0104 
57656.8556489453 2.76034e-06 14.184090576652667772 0.00006365235578361112 10 0.8872 
57663.8105205783 2.755e-06 14.184262955630324214 0.00007637873099359938 10 1.3142 
57674.7931149345 2.74215e-06 14.183938080877409355 0.00007379102693267052 10 0.9044 
57681.7932500195 2.76795e-06 14.184428827376162879 0.00009227375053639150 10 1.3736 
57688.7931263123 2.76733e-06 14.184146598107809602 0.00009642825657415788 10 1.4446 
57698.7199667056 2.75892e-06 14.184632740615630717 0.00006479140744289404 10 0.9005 
57705.7203893101 2.72077e-06 14.184285003640331667 0.00008603156917738257 7 1.0403 
57719.6749001963 2.7332e-06 14.184044149184685478 0.00005361699258178148 10 0.6647 
57726.6749956541 2.73809e-06 14.184178376748458374 0.00006255505183485959 10 1.2559 
57733.6304775171 2.74775e-06 14.184159155595631166 0.00009432200266328674 6 0.8208 
57740.6305724291 2.76862e-06 14.184211344941611844 0.00011580659863449063 10 3.5545 
#57747.6062174539 2.74242e-06 14.184742162840346969 0.00020125548005908074 4 1.6885 
57761.5611515618 2.76355e-06 14.183857720515663593 0.00007955492417951611 10 1.3553 
57775.5090321219 2.77022e-06 14.183954684347112055 0.00007327429582836079 10 1.4574 
57782.5090713895 2.74395e-06 14.183879384083548033 0.00011730678491168800 10 4.1114 
57796.5090250267 2.45903e-06 14.184042075105641038 0.00008758172327872181 8 1.1646 
57803.4187063432 2.76428e-06 14.183984190723957941 0.00006030820521238836 10 1.2216 
57810.4153749450 2.74841e-06 14.183846315132822127 0.00006926688430984579 10 0.9155 
57817.4187433020 2.60295e-06 14.183655960821467908 0.00005741870841039956 8 0.4204 
57825.3485568056 2.77138e-06 14.183819251515264451 0.00011651889763067274 10 2.4598 
57832.3485534585 2.74412e-06 14.184123397027720044 0.00009124460722652252 10 1.3514 
57839.3486627951 2.75912e-06 14.184220325083554307 0.00010528155848682620 10 2.4668 
57846.2826172997 2.74932e-06 14.183947086434919067 0.00006975611961565024 10 1.1983 
57853.2826458966 2.74685e-06 14.183748295495021377 0.00008682974072798237 10 1.2884 
57860.2828625714 2.75778e-06 14.183534248606751146 0.00006839534132942085 10 1.1467 
57881.2131179471 2.73747e-06 14.183704828188335605 0.00008350806189744367 10 1.0535 
57888.2130409803 2.73602e-06 14.18400244723694874 0.00006945064129205201 10 1.0095 
57895.2130102323 2.7309e-06 14.18381587463758111 0.00006986331141636925 10 0.8172 
57902.1472636050 2.77663e-06 14.183759390921500425 0.00005490283339131860 10 0.4807 
57909.1471509102 2.69034e-06 14.183890577293782663 0.00008222019549858058 9 1.1201 
57916.1477749211 2.68791e-06 14.184195796195856191 0.00007434942942185070 10 0.8008 
57930.1020533868 2.68428e-06 14.183592705727449098 0.00010915591167974885 9 1.5520 
57937.1020827261 2.66016e-06 14.183815416339581321 0.00007764733356815083 9 0.8022 
57944.0771795489 2.68965e-06 14.183594997166503068 0.00009637301070121340 10 1.3536 
57951.0777868733 2.67494e-06 14.183703609718338109 0.00011199824507951732 9 2.0536 
57958.0778193109 2.69279e-06 14.183791313154460089 0.00005194173453145124 9 0.3014 
57964.9874586167 2.70573e-06 14.183669785685485326 0.00011541438323091672 9 1.8677 
57985.9006399541 2.73478e-06 14.183504645869956528 0.00007633610445001700 10 0.8939 
57999.9006927614 2.72013e-06 14.183752742652811766 0.00010944712453217705 10 2.2915 
58006.9007289914 2.70304e-06 14.183773002456740488 0.00006945196603595191 10 0.7279 
58013.8557102739 2.76617e-06 14.183591197325725545 0.00007119872933662601 10 0.7791 
58020.8556971294 2.73604e-06 14.184016256912176132 0.00008114020601234802 8 0.6757 
58027.8104588771 2.74389e-06 14.183697530600725399 0.00009290507178622527 10 1.3831 
58034.8103589930 2.72386e-06 14.183707283074033941 0.00007697411630608008 10 1.2401 
58048.7652414367 2.73675e-06 14.18386385377867658 0.00008124806177341199 10 0.9661 
58055.7652312400 2.74481e-06 14.1835655772182361 0.00014024740683530590 5 0.7727 
58069.7653182141 2.75175e-06 14.183661049920732743 0.00005750275688039487 10 0.3864 
58076.7201810389 2.72119e-06 14.183735737469903468 0.00012550790779648652 7 1.3606 
58083.6750651215 2.74421e-06 14.183930124931638401 0.00006566548304933279 8 0.4742 
58090.6749641469 2.74636e-06 14.184014961307205805 0.00009906836932903469 10 1.1588 
58097.6749739843 2.73729e-06 14.183588057213234319 0.00011066749748771226 10 1.4964 
58104.6297907759 2.7261e-06 14.183264401376122862 0.00011196236154576298 10 1.5008 
58118.5846045526 2.72282e-06 14.183848414370711723 0.00009968081504092130 10 1.6372 
58125.5847397172 2.64716e-06 14.183423768208227561 0.00007578858192731231 9 0.6904 
58132.5847846515 2.68889e-06 14.183824594912636787 0.00005831046650456758 8 0.2373 
58146.5395925848 2.66968e-06 14.183667769821778402 0.00008460524873542857 9 0.8984 
58153.4943917055 2.66475e-06 14.183780855605284648 0.00007843192068372762 9 0.5990 
58167.4500077374 2.70859e-06 14.183334181711818724 0.00008090101591721616 9 0.6336 
58174.4499664599 2.72485e-06 14.183769961067061329 0.00007997907319287502 10 0.8166 
58181.4499801781 2.73115e-06 14.183856428680758322 0.00009655537076281692 9 0.8350 
58188.4083877508 2.70836e-06 14.183935553732226892 0.00013584394530346416 10 2.1717 
58195.4083661260 2.68465e-06 14.183588661781825053 0.00014768865547401129 9 1.8152 
58203.3353870265 2.69651e-06 14.18353224645436432 0.00011715505544660090 10 1.3258 
58210.3353496590 2.73011e-06 14.183385155108740271 0.00006817427544929059 9 0.4471 
58217.3353962611 2.68694e-06 14.183762178098897251 0.00006251958306472351 9 0.3927 
58231.2938053348 2.72253e-06 14.183796413853766335 0.00020543225914849798 8 2.2036 
58238.2938635695 2.68696e-06 14.183561687378614113 0.00009851286805455544 9 0.8305 
58245.2762477958 2.67234e-06 14.183281178530362585 0.00012000056946926266 10 1.6654 
58252.2764864356 2.72985e-06 14.183747295899226703 0.00014797762686033180 10 1.7319 
58259.1930438535 2.69883e-06 14.183814740284682122 0.00010571511226376147 9 1.2204 
58273.1861147352 2.67154e-06 14.183770134967540256 0.00011365308547756850 9 0.9718 
58287.1444924340 2.68251e-06 14.184025461183951022 0.00011210407501825484 9 1.1589 
58308.0610463725 2.67339e-06 14.184002867584271056 0.00007805502022262975 8 0.3952 
58314.9847861461 2.7294e-06 14.183787940029492684 0.00006051196756197406 10 0.8294 
58328.9638647996 2.74038e-06 14.183957165263365478 0.00014906572640739174 9 1.6167 
58342.9603648440 2.31304e-06 14.183969048319685477 0.00011801097144930401 8 1.2245 
58356.9187658061 2.73213e-06 14.18358822608710924 0.00013983839182871505 10 3.1888 
58370.8701983443 2.74226e-06 14.184245766686348298 0.00013641920448283828 10 2.0804 
58384.8319571208 2.75542e-06 14.183491433557705331 0.00007453348927953697 10 0.6240 
58394.8109854800 2.73573e-06 14.18398679702413059 0.00008250068126871959 10 0.7653 
58405.8110915976 2.7328e-06 14.18409150791851307 0.00012990710192981484 8 0.8144 
58440.7417277626 2.72465e-06 14.184217715388816602 0.00012010425395116720 10 1.6030 
58449.6722353187 2.73838e-06 14.18402911843979526 0.00007888463296582910 8 0.2901 
58456.6516017385 2.66869e-06 14.183921041494956085 0.00014933169180996540 7 1.0260 
58463.6514150745 2.70646e-06 14.184070590046993061 0.00008687298310906288 9 0.5695 
58470.6062410380 2.71207e-06 14.184137081946707051 0.00009627403096869619 10 0.8487 
58477.6061973455 2.72013e-06 14.183684420125883473 0.00012824430501672164 8 0.8075 
58491.5645667573 2.60769e-06 14.183818096449536126 0.00012279815853081329 8 0.7434 
58498.5194519360 2.74121e-06 14.18366062416461725 0.00007354180683343357 8 0.2480 
58505.5194428157 2.72288e-06 14.184045286040534922 0.00017039718927869301 9 2.8286 
58512.5194347428 2.73946e-06 14.183746394329057516 0.00015568559466869132 10 2.2354 
58519.4742925036 2.75965e-06 14.183539574691373345 0.00011570444791854617 9 0.8641 
58526.4742701953 2.71648e-06 14.183853161651762033 0.00012005471505148303 9 1.2429 
58532.4742857101 2.71793e-06 14.184074199217455278 0.00013673057310776226 8 0.7454 
58540.4291261280 2.75619e-06 14.183783798391934592 0.00009190939858710800 9 0.6213 
58547.4291343761 2.70897e-06 14.183616034912268809 0.00018662473825076492 8 1.8903 
58554.3875429422 2.75114e-06 14.183903027595687052 0.00014572785162626661 9 1.4183 
58611.2622974460 2.70787e-06 14.183594732942881362 0.00014933046302880845 8 1.5202 
58625.2207132799 2.71166e-06 14.183763750715327659 0.00011859757549047888 9 1.0244 
58632.2207341353 2.59211e-06 14.183701068627256561 0.00013808408794918926 9 1.1878 
