#_MJD RANGE DM DMunc nToA chisq
#56817.2724634228 1.01739e-06 17.277858382245623781 0.00098995818132186050 5 2.3837 
56823.2722315949 1.7145e-06 17.277086751058115581 0.00025898151035503837 7 0.4375 
56837.2304049004 1.78327e-06 17.277428423584705722 0.00039528050113605710 7 0.9888 
56852.1680128209 9.59295e-07 17.277704300853686257 0.00048262386947659397 5 0.5363 
56880.1089977403 1.71313e-06 17.277687245678237165 0.00021432462459914687 8 0.3358 
56887.0881790744 1.71227e-06 17.277625569749588139 0.00042311057611942238 8 1.3140 
56894.0673409310 1.71414e-06 17.277232452219348387 0.00018268213776358614 7 0.2286 
56908.0673140983 1.71433e-06 17.277421153893484807 0.00023488068011313511 8 0.3334 
56915.0222035136 1.71327e-06 17.277312637644518465 0.00020404166469919179 8 0.3194 
56922.0222110199 1.71372e-06 17.277672711641304838 0.00030552989358890173 8 0.6787 
56928.9770783607 1.71354e-06 17.277423027680409329 0.00055685326657362076 6 1.4495 
56935.9770877458 9.06024e-07 17.277494701757377945 0.00033164979534440410 5 0.4231 
56942.9770379698 1.71413e-06 17.278049719840493703 0.00022217984067193490 8 0.3281 
56948.9354069701 1.71329e-06 17.278072533414914148 0.00018975727353818175 9 0.3323 
56955.8937569577 1.71419e-06 17.278151364657161535 0.00025535759650761278 7 0.3706 
56968.8242689137 1.71652e-06 17.277549429525333777 0.00018537219503433433 8 0.2956 
56977.8659957467 1.71481e-06 17.277773898157521487 0.00043581859039143749 8 1.0920 
56981.7499596417 1.71757e-06 17.277624410767474364 0.00036828444600792425 8 0.8929 
56991.8243227761 1.71542e-06 17.278011366562174201 0.00038722406556011032 8 0.9731 
56998.7826667098 1.71462e-06 17.27803103448388721 0.00048096544141130603 7 1.1135 
57005.8034501904 1.71591e-06 17.2779437943634585 0.00038044916649756675 9 1.0181 
57012.7583498176 1.7153e-06 17.277327632801536793 0.00027697386212507914 7 0.3693 
57019.7583392286 1.71423e-06 17.27831505878254993 0.00063069271731561248 7 1.6743 
57026.7132062285 1.71428e-06 17.278013499827394145 0.00039317746375110526 8 1.0371 
57033.6681870370 1.71264e-06 17.277993230051326272 0.00039637392910614997 8 0.9900 
57040.6681173840 1.71488e-06 17.278059756390999892 0.00041090479454181604 9 1.2921 
57047.6229593801 1.71247e-06 17.278278456950420958 0.00038454209889042442 8 0.9836 
57054.6229173868 1.71547e-06 17.277890706844293449 0.00038818342243077510 9 1.1776 
57068.5777852045 1.71641e-06 17.27733994962644835 0.00038903623822754830 8 1.0681 
57075.5846594816 9.59939e-07 17.277557047935679179 0.00052447353201953717 7 1.1662 
57082.5846903887 1.71587e-06 17.277787201678187375 0.00041073374700576604 8 0.8774 
57089.5402380876 1.71284e-06 17.278550636536504517 0.00049137526757673828 7 1.2640 
57096.5395555727 1.71388e-06 17.278133301352011995 0.00037068181696383722 8 0.9488 
57103.4944220973 1.71295e-06 17.278493711275885342 0.00017574887110844982 9 0.3262 
57110.4944487778 1.71241e-06 17.278521257084749176 0.00014403537230670084 7 0.1273 
57117.4493198148 1.71362e-06 17.27821433711847777 0.00022697341740616315 9 0.4229 
57124.4492940332 1.65983e-06 17.277806086240932153 0.00047292481290412612 7 1.0929 
57131.4041632127 1.71322e-06 17.278053385175165934 0.00044435239215749269 8 1.3605 
57138.4042346898 1.71119e-06 17.278277353785797356 0.00033064440383442830 8 0.6770 
57153.3449495661 1.69204e-06 17.278162154171241398 0.00037646554656949272 8 0.9331 
57160.3450609796 1.71267e-06 17.277823281723281409 0.00020206735683061400 9 0.3497 
57167.3450015756 1.71258e-06 17.277944542430606822 0.00036100355383151200 9 1.0066 
57174.2999480427 1.71314e-06 17.278552598513952568 0.00044148234003277850 8 1.1007 
57181.2999811807 1.71576e-06 17.278539532399948183 0.00041829399539581702 7 0.9327 
57202.2130523071 1.71206e-06 17.278063181615626365 0.00023847096191959388 9 0.5309 
57209.2131037028 1.7124e-06 17.277838378824404285 0.00046034552963347935 9 1.5857 
57230.1680519914 1.71054e-06 17.278802449499198159 0.00050765767818219693 8 1.0829 
57237.1229180884 1.71144e-06 17.278416877822259559 0.00041673152708110607 9 1.4567 
57244.1228808148 1.71343e-06 17.2782690260282364 0.00024945342826641583 8 0.4049 
57258.0533858484 1.71253e-06 17.278667316619801785 0.00016446596527139692 7 0.1493 
57265.0538824781 1.68874e-06 17.278986128972362931 0.00041550780451912625 8 0.8080 
57272.0534864713 1.71312e-06 17.278408888416797212 0.00028370440539854505 8 0.5269 
57279.0083618586 1.71348e-06 17.278846560878342822 0.00040318435339318273 9 1.3151 
57292.9631877067 1.71165e-06 17.278925040563642123 0.00062691053837779791 7 1.9267 
57299.9631784637 1.7129e-06 17.278275934476921285 0.00052316006881133982 8 1.4160 
57308.9874749011 1.71343e-06 17.278469973698223135 0.00032190533748083515 7 0.3739 
57313.9181099027 1.71317e-06 17.278842583521615461 0.00029004079665479474 9 0.7221 
57320.8730038804 1.71473e-06 17.278139221258173837 0.00048148351424482906 8 1.1932 
57327.8729981438 1.7135e-06 17.278133016917031149 0.00019823534169646553 9 0.2606 
57334.8729823114 1.71322e-06 17.278428820524308136 0.00030179028502426788 9 0.6248 
57341.8730255645 1.71301e-06 17.278474768194970919 0.00021741968205472523 7 0.2183 
57348.8277627856 1.71279e-06 17.278574390380146683 0.00026308533567372355 9 0.4974 
57355.8277750108 1.71261e-06 17.278648709569418363 0.00032739192741651360 8 0.4910 
57362.7653201585 1.71365e-06 17.278583910741223661 0.00035448117618008752 9 0.9402 
57369.7652616884 1.71522e-06 17.278442137348671974 0.00043663545559336690 7 0.7356 
57376.7202271789 1.71302e-06 17.278581472329368399 0.00066537237614077164 7 2.1586 
57386.7201585186 1.71435e-06 17.278221813566569429 0.00031120677897035921 9 0.7135 
57390.7201394364 1.7128e-06 17.277933112720037574 0.00044584404469695039 9 1.1705 
57397.6750531341 1.71457e-06 17.27882444667163701 0.00027079743392217356 9 0.5736 
57404.6750063668 1.71227e-06 17.278430592096012496 0.00036609544252909630 9 1.0050 
57418.6298357350 1.71173e-06 17.279095266767330803 0.00032600013597258086 7 0.3955 
57425.5847025655 1.71268e-06 17.2788378960153683 0.00029194721535539549 9 0.8065 
57524.3450546936 1.71208e-06 17.278632352774544394 0.00024712664502823457 9 0.5473 
57531.3451240803 1.7169e-06 17.278271595895136647 0.00029713001396772091 9 0.5170 
57538.2999878631 1.71173e-06 17.279026399013190022 0.00029471423221676747 9 0.6201 
57545.2999813254 1.71276e-06 17.278627366806116154 0.00034351996380001644 9 0.8164 
57552.3000226818 1.71459e-06 17.278173686544999577 0.00043751406452742725 7 0.4573 
57559.2548248722 1.70946e-06 17.278725676430231512 0.00048708267619599862 7 1.0189 
57566.2547596139 1.71489e-06 17.278101672095881216 0.00020607746108292668 8 0.2000 
57573.2550409925 1.71827e-06 17.278770341822258287 0.00048040540510500162 7 0.8190 
57580.1680448470 1.65695e-06 17.278686361218600886 0.00035640029469835208 8 1.0860 
57594.1680380316 1.71246e-06 17.278804651399641897 0.00025930011103119874 8 0.3688 
57601.1680600699 1.71185e-06 17.278821798464172084 0.00039756129839143829 7 0.4370 
57608.1680740556 1.71356e-06 17.278537609775264766 0.00025475927209099466 7 0.2606 
57615.1228886071 1.71307e-06 17.278795702511524265 0.00038128663965135174 8 0.8065 
57622.1229320866 1.7134e-06 17.278875070103055017 0.00050011384924898846 8 1.2748 
57636.0361092089 1.71292e-06 17.278265876927794316 0.00048411490996215945 8 1.4268 
57643.0360848991 1.71221e-06 17.279167051042758163 0.00034825005717343139 7 0.4581 
57649.9909782550 1.71181e-06 17.278615821414982432 0.00027549273316326839 9 0.5287 
57656.9909467635 1.71263e-06 17.278793806785185019 0.00033359622972967568 8 0.7077 
57663.9458242112 1.71159e-06 17.279055068348668989 0.00047741014438063803 8 1.1382 
57674.9284858392 1.71446e-06 17.278243150274613707 0.00035671095623782909 8 0.6838 
57681.9285125850 1.71408e-06 17.278789321675530033 0.00040332090245083512 8 0.7567 
57688.9285375125 1.71422e-06 17.278167292118327299 0.00066155938436450793 6 0.6594 
57705.8555260371 1.65824e-06 17.277795019215278119 0.00051394679942072682 6 0.5184 
#57719.8104386393 1.71398e-06 17.2788144120522228 0.00105681513797524474 5 1.1318 
57726.8103993253 1.71372e-06 17.278057258409051536 0.00043874374500098821 8 0.7996 
57733.7660030876 1.71504e-06 17.278962644034698094 0.00042467448372093553 7 0.4817 
57740.7659095730 1.71493e-06 17.278541261783213819 0.00032682194818575185 6 0.2638 
57747.7416641935 1.65703e-06 17.278160097643655945 0.00027032757450039469 6 0.1952 
57761.6965444019 1.71441e-06 17.278314374494831767 0.00071027608417673679 6 1.0308 
57775.6444089488 1.71252e-06 17.278880627580039673 0.00052858344784393111 8 0.9656 
57782.6444424142 1.71455e-06 17.278831513710987432 0.00049469195270132886 7 0.5625 
#57796.6443862809 1.71973e-06 17.277242937454151702 0.00107260548915249316 6 1.5166 
57803.5541839934 1.71277e-06 17.279143651387137825 0.00091474494251727581 6 1.8922 
57817.5542017814 1.71569e-06 17.277684694564896917 0.00051019451409344788 7 0.7042 
57824.4944339778 1.71332e-06 17.278798273331849538 0.00032736964555553420 8 0.4874 
57831.4944099250 1.71135e-06 17.27829030023846996 0.00029688129563786329 6 0.3032 
57838.4944914927 1.7146e-06 17.278374130444364149 0.00076568724429049997 6 1.5656 
57845.4493239825 1.7121e-06 17.278435239463590823 0.00046865817695927026 8 1.4095 
57852.4492430257 1.71224e-06 17.278238243775533352 0.00032981898236779199 8 0.5148 
57859.4504772807 1.71969e-06 17.278759056237137485 0.00045553504926458695 8 0.7280 
57871.3745406242 1.71835e-06 17.278767395791825214 0.00029444560934373043 8 0.4732 
57881.3485719286 1.7133e-06 17.279021711308006562 0.00037189016640363115 9 0.9470 
57888.3485825648 1.71455e-06 17.278425049656986702 0.00033373748270386659 8 0.5105 
57895.3485662726 1.72147e-06 17.278301962804975734 0.00036406073868785538 9 0.7904 
57902.2826289806 1.7119e-06 17.278961032748327906 0.00053917241251980139 7 1.1105 
57909.2826399558 1.70743e-06 17.277856126034504854 0.00021918819904378933 8 0.2608 
57916.2824310341 1.71461e-06 17.277993157451269172 0.00033888769857183944 9 0.7422 
57930.2374110248 1.7024e-06 17.278647061088952007 0.00040565048292749554 8 0.9428 
57937.2372643348 1.71328e-06 17.278041484471912351 0.00036343501269678541 7 0.5138 
57944.2129632250 1.71852e-06 17.278124580593205868 0.00032231411273454948 9 0.5732 
57951.2129461549 1.69066e-06 17.278588672015177828 0.00038525448019803625 8 0.8387 
57958.2129876818 1.71575e-06 17.278884609248534903 0.00047051227111853536 9 1.1098 
57965.1229189634 1.71263e-06 17.278549791887836328 0.00038526409057886013 8 0.9554 
57986.0361120463 1.7118e-06 17.278578692000407495 0.00021132093639029734 9 0.3657 
58000.0361374634 1.71283e-06 17.278182414712339642 0.00050536964199535117 8 1.7691 
58007.0361115152 1.7123e-06 17.278016791894749697 0.00046878253436653339 7 0.9097 
58013.9909945766 1.71327e-06 17.27815652349031824 0.00047720184702336932 7 0.8914 
58020.9909932502 1.71348e-06 17.278580132181311977 0.00030057009088784717 9 0.6015 
58027.9458036848 1.71265e-06 17.278140506957070863 0.00067879750440981435 7 1.6984 
58034.9458500408 1.7139e-06 17.277880980389945768 0.00052496831755041923 8 1.6347 
58048.9007011665 1.71343e-06 17.278398269122203784 0.00038099589162458853 8 0.6835 
58055.9007892217 1.71283e-06 17.27804724487936776 0.00031778280447918408 7 0.4355 
58069.9007684658 1.71398e-06 17.27905577632975149 0.00055817808711479465 8 1.0020 
58076.8554983794 1.7129e-06 17.279255724708058201 0.00038680275665837864 8 0.5852 
58083.8104040596 1.71334e-06 17.278371538712583513 0.00037826911440246242 9 0.9553 
58090.8104274819 1.71436e-06 17.278458536745459048 0.00062571630023610584 6 0.8291 
58097.8103842001 1.71629e-06 17.278390332848780212 0.00047662262875352467 8 0.7636 
58104.7652504853 1.71492e-06 17.278353620948219142 0.00048988259452710731 8 1.1097 
58118.7201334562 1.71211e-06 17.27813007541011216 0.00035124643132516541 9 0.6562 
58125.7201630525 1.71501e-06 17.278974314387515712 0.00051060568396936522 9 1.6314 
58132.7201129366 1.71476e-06 17.278576822618879403 0.00034034120560719595 9 0.7065 
58146.6750116860 1.03708e-06 17.278432944273203389 0.00041438520898263482 7 0.6302 
58153.6298020867 1.70985e-06 17.278261455886915596 0.00030181378183724442 8 0.4160 
58167.5854830305 1.71501e-06 17.278504748057931647 0.00026821555134223877 8 0.4424 
58174.5854156203 1.71395e-06 17.277936803677689743 0.00032498909967830416 9 0.5582 
58181.5854009381 9.59131e-07 17.278599380443084787 0.00018320951595048325 6 0.1182 
58188.5436947462 1.71509e-06 17.278774192436012997 0.00045676829578857292 9 1.1975 
58195.5437579726 1.71564e-06 17.278370496388746461 0.00042136768914008958 7 0.5909 
58202.5020832655 1.71333e-06 17.279255212974826252 0.00042346548498388848 6 0.5425 
58209.5020174786 1.71604e-06 17.277576189725807075 0.00036363146645762172 7 0.4076 
58216.5021375743 1.65774e-06 17.278098714147638142 0.00032724244686778062 8 0.4611 
58223.4604194890 1.70516e-06 17.278612166700715555 0.00050084018337827948 7 1.2106 
58230.4604488758 1.71507e-06 17.278300774981077574 0.00042442549024435740 6 0.4677 
58237.4603331143 1.71383e-06 17.278163732147789677 0.00042499817439688360 7 0.5335 
58244.4430130643 1.7107e-06 17.278613229874489002 0.00059848129993338660 8 1.1773 
58251.4430172094 1.06724e-06 17.278221270500747114 0.00044411292442948959 7 0.4951 
58259.3299946740 1.70869e-06 17.279398747699226594 0.00052828219801203042 6 1.0714 
58273.3215478362 1.6582e-06 17.278814075583690767 0.00070468525422478243 6 1.0111 
58287.2799078691 1.71455e-06 17.278296619675996093 0.00037629777257680862 9 0.7929 
58308.1964157404 1.71099e-06 17.278289762266617082 0.00022782507959894955 9 0.2646 
58314.1200579292 1.71208e-06 17.27896292656741117 0.00023250229824734082 8 0.5876 
58328.0992850517 9.58069e-07 17.278716913232564407 0.00026045141231214832 7 0.4314 
58342.0939891032 1.71331e-06 17.278578188106188456 0.00022824175520378887 9 0.5419 
58356.0558274678 1.71191e-06 17.278492326070705769 0.00023047055484818796 9 0.6386 
58370.0125015326 1.71214e-06 17.278391812515582251 0.00038152979387459955 8 1.4967 
58383.9673342709 1.71213e-06 17.278244676899836887 0.00032420610083799426 8 1.0779 
58393.9465690886 1.71306e-06 17.278467242208477272 0.00025448414330378054 9 0.8876 
58397.9466079887 1.71268e-06 17.278472618934531173 0.00022039925816105558 8 0.3151 
58404.9465907736 1.7134e-06 17.278979943702580642 0.00026017195017754164 9 0.5522 
58439.8457811883 1.71391e-06 17.278411910105384372 0.00009550888678102736 6 0.0633 
58449.8076363675 1.71213e-06 17.278363754226285422 0.00027985533104841673 9 0.6419 
58456.7868093521 1.71495e-06 17.278581514088202521 0.00038808723525634068 6 0.5405 
58463.7867652648 1.71299e-06 17.278176032073493298 0.00034848622503993732 8 0.6816 
58470.7416660322 1.71321e-06 17.278516694445456384 0.00033264485996722769 9 0.8105 
58477.7415989106 1.71307e-06 17.278691253243142281 0.00028078111032846492 9 0.5603 
58491.7000628930 1.71425e-06 17.278292419364375199 0.00041354700638380760 8 1.1016 
58498.6549746981 1.92943e-06 17.278046495852786284 0.00032624265759096261 9 0.8945 
58505.6548507769 1.72365e-06 17.278401677409874803 0.00030745643315358869 9 0.8359 
58512.6548903713 1.71578e-06 17.278349468379269018 0.00037353470224107157 8 1.0194 
58519.6096569364 1.71893e-06 17.278652261453597144 0.00021141676396588924 9 0.3513 
58526.6097392511 1.71308e-06 17.278154916961799075 0.00028223412145825195 9 0.6202 
58532.6097430885 1.71521e-06 17.278413522059116663 0.00031419774812914137 9 0.7033 
58540.5645732729 1.71551e-06 17.278212110584889788 0.00036319316348991653 8 0.9185 
58547.5642225474 1.72016e-06 17.278761825347286427 0.00038914578551857193 9 1.1064 
58554.5229384345 1.714e-06 17.278792148227225711 0.00048340386424083225 9 1.9631 
58561.5229226202 1.65935e-06 17.278365235330992774 0.00028339961558062704 7 0.3778 
58588.4395127470 1.7133e-06 17.278760244585678179 0.00031651465895697796 8 0.7428 
58596.4395630964 1.71347e-06 17.277431456038327138 0.00024165374256762218 8 0.3684 
58603.4395714456 1.71491e-06 17.27812430464739986 0.00033153269205651149 8 0.6444 
58610.3978877580 1.71417e-06 17.278243032174738197 0.00040285750128823603 7 1.0930 
58625.3561911252 1.71605e-06 17.27836135818165678 0.00032173490522321622 9 0.7838 
58632.3561957783 1.02114e-06 17.277830481190062277 0.00023715593075348889 8 0.4048 
