#_MJD RANGE DM DMunc nToA chisq
57369.8512373451 8.11899e-06 65.726331199631831848 0.15363657435160790743 10 213.1998 
57376.7897165097 8.13668e-06 65.814381598238099406 0.01674652751513509841 10 1.9430 
57383.7665242328 8.13708e-06 65.828926141889385078 0.01243137315052257955 10 1.2992 
57390.6610967420 8.11956e-06 65.844620038356514849 0.02365257942026575966 10 3.7563 
57397.6612369416 8.14658e-06 65.838022982155129575 0.01198075116699202046 10 1.0225 
57404.6610148438 8.13633e-06 65.496355689793200466 0.35016664479648135222 10 919.5267 
57411.6575865905 8.09569e-06 65.823728606686086939 0.01800933036369292348 10 1.6132 
57418.6575931095 8.13007e-06 65.96313816303555505 0.06242550880234613853 10 26.0513 
57425.6609895373 8.16363e-06 65.94353361253979913 0.08864779643138245846 10 61.1619 
57432.6610636662 8.16023e-06 65.853370766828500063 0.01388643774451663385 10 1.4952 
57439.7268648661 8.12717e-06 65.807387056871051327 0.01133619282514231573 10 0.9234 
57446.7413045754 8.08303e-06 65.837755442908196868 0.01269525335353183584 10 1.2989 
57453.7444926953 8.04878e-06 65.411676385741765155 0.89135633346443199354 10 4149.4301 
57460.7449361980 8.09178e-06 65.958992433006158357 0.09206407340622228819 10 45.4541 
57467.6609996098 8.08749e-06 65.83700606590572775 0.01238524027238779336 10 1.1604 
57474.6612642073 8.11929e-06 65.817110055036710317 0.01468755592660275083 10 2.0133 
57481.5742449806 8.12058e-06 65.84767716539382397 0.02605313944695022629 10 4.2544 
57488.5734955367 9.10269e-06 65.803109369993814839 0.02210532217634818969 10 2.2640 
57495.5743769507 8.15569e-06 65.879919915219685059 0.03437985043709289312 10 7.9440 
57516.4249401343 8.12874e-06 65.802135839818264557 0.01092057651505290265 10 1.1596 
57523.4247693888 8.13155e-06 65.857347439519798714 0.02967130545833018829 10 6.2573 
57530.4250930574 8.16511e-06 65.832363533941725534 0.01980506134981396132 10 2.7632 
57537.4249212402 8.14171e-06 65.832397256284634346 0.01057724985775364106 10 0.7149 
57544.4247410910 8.15406e-06 65.833325602207417075 0.01036778719063365453 10 0.5504 
57551.4247685721 8.15691e-06 65.81929951095791044 0.01262768174223012803 10 1.0802 
57566.3068879064 8.13315e-06 65.827020746979693445 0.00750241085949251377 10 0.5460 
57601.2026792808 8.14208e-06 65.816400617358474225 0.01366210581045801224 10 1.7207 
57608.2026651399 8.14599e-06 65.806678382378291037 0.01312872462507345267 10 1.5596 
57615.2026480836 8.13167e-06 65.731661043247723283 0.08134255954809532785 10 56.1807 
57621.9843743010 8.15073e-06 65.920852619628034053 0.07561725564305529779 10 52.7308 
57636.0259059747 8.1322e-06 66.014347081850197646 0.21806073041239512622 10 389.4948 
57643.0261283750 8.1398e-06 65.938564842167266572 0.07210824754561312444 10 34.1639 
57650.0916351742 8.14517e-06 66.030172070163070441 0.10931799729673517818 10 110.8580 
57657.0430564165 8.1485e-06 65.752483223625482131 0.03413908054988976787 10 8.0588 
57664.0429808953 8.11174e-06 65.833045255855721707 0.01253023250178362386 10 1.2369 
57674.9596041233 8.11418e-06 66.830350333109833 0.70904367166016946111 10 2638.8984 
57681.9597537059 8.13457e-06 65.862789145204981608 0.01781860668047941312 10 3.0553 
57688.9596013148 8.11592e-06 65.861397263870595148 0.01215914024801946665 10 1.0344 
57698.8486626086 8.12312e-06 65.730461563308075129 0.06851902789842913288 10 43.9080 
57705.6921634239 8.10265e-06 65.925811599815295594 0.05980212446522523151 10 22.0488 
57712.6920491425 8.10965e-06 65.912387344242983553 0.05861053220502190908 10 17.5391 
57719.6991388181 8.09885e-06 65.804427554864039634 0.01068397328439574419 10 1.1533 
57754.6931052679 8.14563e-06 65.829902309678153628 0.01257206495489483419 10 1.8991 
57761.6374797264 8.13517e-06 65.848926022716037974 0.01735351439953865260 10 2.5523 
57782.7450997202 8.13918e-06 65.919112593173052508 0.07658587932414706589 10 52.4220 
57796.7450725906 8.14671e-06 65.81454581540130809 0.00996254268990471627 10 0.8613 
57803.7448131434 8.13954e-06 65.796235291611919117 0.01189556028024741155 10 0.8000 
57816.6514147443 8.11596e-06 65.900312482247745294 0.05406411191010734169 10 17.2796 
57817.6407411624 8.12445e-06 65.802133149820200536 0.02194982046354472874 10 4.3927 
57824.6579244928 8.09639e-06 65.803137664900628309 0.00689036501754023041 10 0.5203 
57831.6643126579 8.14558e-06 65.853085303564962552 0.02238358195243350321 10 5.5848 
57838.6642931988 8.09881e-06 65.947500870886009913 0.14303950268427581549 10 175.9586 
57845.5778841136 8.04909e-06 65.503276177240800232 0.37871330003001230091 10 1252.7548 
57852.5777283218 8.16663e-06 65.818297875503626135 0.01894320520999083143 10 3.4264 
57859.5776061360 8.14023e-06 65.595058313295206726 0.24739111326086607456 10 826.3482 
57887.4248109004 8.1189e-06 65.834075131619123673 0.01436801577147586023 10 1.6980 
57894.4251056546 8.15349e-06 65.83176395256684605 0.02345560270710553979 10 4.7876 
57901.4249237224 8.14097e-06 65.823222587811052016 0.01112280084861506403 10 1.0818 
57908.4247914060 8.14389e-06 65.746738082803954775 0.03814117401963901949 10 14.7871 
57915.4248666241 8.09701e-06 65.824506977208198419 0.01595044063853673713 10 1.3510 
57922.3831355611 8.13813e-06 65.85549506459716787 0.04293764093224615441 10 16.7608 
57930.3137265739 8.12209e-06 65.799276802003986278 0.01148486318270458550 10 0.9623 
57937.3137775815 8.11053e-06 65.811364592526563275 0.00823999860567219307 10 0.7345 
57951.3139098314 8.20444e-06 65.793470341931282831 0.01662660535165638026 10 1.5853 
57958.3137091305 8.16362e-06 65.809584712223641804 0.01840520991614940163 10 2.7861 
57971.2477777801 8.10544e-06 65.819763757249569625 0.00730611338272695032 10 0.4509 
57986.1816706739 8.14408e-06 65.805430877290097991 0.00659149693285191601 10 0.5641 
57993.1817219834 8.12346e-06 65.836882621109291805 0.02208068704303711022 10 2.7309 
58000.0292124843 8.12622e-06 65.820273263225791333 0.03034559048235006828 10 13.9144 
58007.0290625747 8.1444e-06 65.83622260489293268 0.00882050236834443398 10 0.6496 
58014.0291117407 8.14411e-06 65.761637748605647202 0.03708979787125786520 10 11.5828 
58021.0288406133 8.15443e-06 65.855026135569748394 0.69586296548050718958 10 3293.2915 
58028.0291287657 8.10954e-06 65.831036273173924658 0.00937669101406545143 10 1.0203 
58035.0289696878 8.11448e-06 65.803535906981135986 0.00973155371116543946 10 1.5163 
58048.9630940994 8.14608e-06 65.879200450185733701 0.05492040532596828561 10 29.2052 
58069.9632379923 8.11692e-06 65.799091236862794194 0.01239702253765866471 10 1.4394 
58083.8972218584 8.13018e-06 65.812771430015621472 0.01119646776804580218 10 1.2517 
58090.8972228018 8.14179e-06 65.813367121391142603 0.00808680291618376484 10 0.5151 
58097.8974083329 8.14415e-06 65.802239966091001719 0.01815715743067061044 10 2.3499 
58104.8973095611 8.12615e-06 65.886035427912303553 0.06836715429421061363 10 45.6331 
58118.8312316108 8.14725e-06 65.834960528542681914 0.01067374280215512353 10 1.0742 
58125.8312661128 8.14062e-06 65.864260043286266266 0.06302992328611195516 10 39.1062 
58132.8315232841 8.1183e-06 65.838045129717543899 0.00860647552695570882 10 0.9389 
58139.7756525244 8.13343e-06 65.927478715487935396 0.06671094384265958965 10 50.3399 
58146.7755984813 8.14577e-06 65.811656301355825324 0.00687499202913846325 10 0.4534 
58160.7305192940 8.13575e-06 65.875905847261110364 0.04795353899118096064 10 28.2737 
58174.6647496423 8.93673e-06 65.296503794775871549 0.24990795220591763282 10 756.7686 
58181.6647969943 8.13777e-06 65.233767228343817385 1.05057151723740083149 10 11574.4174 
#58188.6647276173 9.00012e-06 63.879207908661033849 0.74618627419884386853 10 3856.8513 
58195.6630162667 8.43836e-06 64.438947715432433078 1.45801149924375206268 10 13535.2062 
#58202.5776821306 8.95017e-06 68.485094552588050815 0.97665545844193157876 10 9122.6031 
58216.5779719737 9.34045e-06 65.609811885617017324 0.61171317061297891815 10 2015.9530 
58223.5776639656 8.1484e-06 66.009379629007206597 0.28372673237275836122 10 847.6297 
58230.5778542297 8.13436e-06 64.921160234168804021 0.60993471803602949954 10 3054.6216 
#58237.5780164884 9.05758e-06 68.705868298830351543 1.02857430512157410618 10 5420.2417 
58259.2478989995 8.1229e-06 66.746807254466724496 1.18502295590454953533 10 5346.1828 
58273.2470697414 9.37593e-06 65.226702291350733859 0.94346761684952473725 10 7619.3392 
58287.2401497454 7.50073e-06 66.824892592649718842 0.63376065063559661183 10 1901.8646 
58315.0927690804 6.62644e-06 65.088401615538685668 1.14472528291769348741 10 2761.2091 
#58356.9850378593 7.502e-06 66.207953557509937575 1.09169311237779464996 10 7032.0629 
58370.8773630474 9.0486e-06 63.876309806109533379 0.57940668472935963340 10 1470.2782 
#58398.8775180978 8.49979e-06 67.488697457681153385 0.57650020482161090651 10 1844.0777 
58456.7237030084 8.14164e-06 65.857864198748968548 0.01651369006209784870 10 1.5297 
58463.7235436537 8.18096e-06 65.918129965960209918 0.61152567362521470518 10 2102.0787 
58470.7234882610 8.22673e-06 66.309960526030603839 1.05277141816973274224 10 5658.2790 
58476.7235689743 8.06721e-06 65.822810581011551696 0.01175039905895000972 10 0.9622 
58483.7899614931 8.05833e-06 65.792729136731671793 0.01201198896646449125 10 1.0320 
#58491.7997295877 8.22247e-06 66.013897486771486861 0.18610873640301664467 10 126.2127 
#58498.7999478135 7.49906e-06 66.166354132725711562 0.48565012878821162134 10 925.7037 
58505.8000363876 8.14272e-06 65.760022145693828977 0.27140109880716961621 10 260.2797 
58512.8003149733 8.15006e-06 65.820917225307254035 0.01362833722298905682 10 2.6698 
58519.6821404437 8.13989e-06 65.821748977368668955 0.00607499561596127127 10 0.5481 
58527.0675171560 8.14576e-06 65.768043699622487863 0.04227157253500314626 10 8.5107 
58541.0019003371 7.84533e-06 65.778532500740149895 0.09963596171815851388 10 37.5541 
58548.0014993802 7.51823e-06 66.211941610105710249 0.59049622142835389571 10 1169.7396 
58562.5500522898 9.68795e-06 65.817822221250706687 0.01370517750618952153 10 2.3536 
58588.6504957932 9.48801e-06 65.831539838708266671 0.01110714118565755450 10 1.1258 
58597.5387192990 9.19757e-06 65.992620159089719567 0.10290301239789072241 10 86.6049 
58604.5082282653 7.20889e-06 65.868180447177489059 0.01420020930833234066 10 1.8348 
58611.4379665698 9.77975e-06 65.889873725500045842 0.05441577876880087511 10 24.0989 
58618.4453832995 9.69165e-06 65.804743355908274526 0.01054638208819923262 10 1.2063 
58625.3722715372 9.66242e-06 65.829378157391272616 0.01621003313549074232 10 3.0556 
58632.3559384357 9.76748e-06 65.854798928919115082 0.01358887537420669887 10 2.0818 
58639.4082969583 9.35076e-06 65.851398100724761936 0.20303895279039874122 10 255.9600 
58646.4030733068 7.68383e-06 65.853998508929136285 0.02656346596611423166 10 7.0566 
