#_MJD RANGE DM DMunc nToA chisq
57376.6334904162 1.11533e-05 93.374887845943743664 0.52739855081916309221 10 1136.1934 
57383.5386011961 1.14947e-05 93.634752154916267436 0.53076766880731973686 10 910.3737 
57390.4875026669 1.21355e-05 94.416132836177440998 0.01837695779345899921 10 1.3839 
57397.4874572504 1.14363e-05 94.605229934120159546 0.33130912741455359471 10 434.3664 
57404.4879924462 1.11751e-05 94.479338305340098747 0.10498991114852390671 10 40.5520 
57411.4849245636 1.14119e-05 94.609233572115496613 0.22866488667384168854 10 215.7059 
57418.4862422581 1.13681e-05 94.351009827610561903 0.08297779840748187308 10 42.7122 
57425.4880197340 1.13496e-05 94.41617769849494228 0.06287901718895098913 10 24.0300 
57432.4879536218 1.14151e-05 94.417336520093961383 0.02686932455321446381 10 3.4666 
57439.4882056604 1.12574e-05 94.603349878218899988 0.30402816282089645261 10 616.4972 
57446.4971818216 1.14803e-05 94.415177660127206055 0.01964895265886537970 10 2.1114 
57453.5048475400 1.15024e-05 94.417791997375289451 0.02180397250566607978 10 2.6523 
57460.5043035687 1.14896e-05 94.397994656583379874 0.01646807165907140241 10 1.2258 
57467.4216337928 1.13871e-05 94.416477764284940433 0.01768736714580643188 10 1.6254 
57474.4216639719 1.13817e-05 94.431190527512386124 0.01144998823856611947 10 0.7058 
57482.2687368296 1.14452e-05 94.011957268935965243 0.50568956723109415030 10 1162.9773 
57489.2470484394 1.15133e-05 94.222444785995793731 0.29385244494466356002 10 263.8862 
57491.4384742243 1.1467e-05 94.387150905819169118 0.03077736992381008979 10 5.4324 
57496.2674665556 1.1437e-05 94.700909549003907811 0.17039391256393743301 10 150.3167 
57510.2146410798 1.11679e-05 94.967716369212016397 0.56798177705395980208 10 790.4778 
57517.1586893609 1.15486e-05 95.461727996588438855 0.75351119393357335330 10 1954.8693 
57524.1586876282 1.12898e-05 94.393647391727291726 0.01180837260291308331 10 0.5902 
57531.1581491594 1.11372e-05 94.28745821844786637 0.27276254547120315497 10 340.6311 
57538.1443584445 1.13134e-05 94.837475225927694439 0.43097055814445506261 10 609.5598 
57545.1606180038 1.12943e-05 94.436845259305637501 0.04643065851447502473 10 7.8747 
57552.1607590891 1.1403e-05 94.299426992428770175 0.09691075422801841144 10 49.2883 
57559.1606121826 1.14561e-05 94.919012540241332526 0.50646621364204635896 10 1114.0784 
57566.0682807951 1.12e-05 93.804392147776290062 0.49534822607039691311 10 951.8147 
57573.0680415994 1.16574e-05 94.833508656053256275 0.30020571832065784390 10 495.3217 
57593.9897810019 1.15757e-05 94.930393549523965663 0.33464112757759073569 10 247.5831 
57600.9642140257 1.11814e-05 94.449730350332030418 0.04128242207775688344 10 9.2172 
57607.9660763222 1.11518e-05 94.083460458029003121 0.43102513670761799514 10 795.1318 
57614.9636951316 1.13632e-05 94.231967091875165177 0.36035749583139914387 10 577.4247 
57621.8103818490 1.19766e-05 94.478361952100388073 0.03519005754267020419 10 4.0480 
57635.8545125408 1.15966e-05 95.246263266173084555 0.77794438184322833862 10 2488.1912 
57642.8532223324 1.12054e-05 94.089090596278829676 0.38154689116429807427 10 616.9503 
57649.8540833452 1.13197e-05 94.233696806100181509 0.26667849029969586949 10 295.6624 
#57656.8046302772 1.08236e-05 93.461296437666367604 1.63140231520069578508 10 18031.2026 
57663.8033254735 1.10898e-05 94.423466092982626378 0.01788615274355818963 10 1.7773 
#57674.7238080288 1.15337e-05 88.633487893224941673 1.62812897652710497631 10 9621.5295 
57681.7232205518 1.12827e-05 94.735439380915056479 0.42645862487332070190 10 755.2282 
57688.7205892328 1.11585e-05 94.664124983513022099 0.42500301462649681117 10 611.1035 
57698.5464195550 1.16518e-05 93.957403358309872915 0.41396588564106545638 10 532.9746 
57705.6051430666 1.20756e-05 95.0312868303269562 0.73261055003966968346 10 2036.0583 
57712.6057780059 1.14953e-05 94.388936965087130042 0.01695645439600605708 10 1.7974 
57719.6128250362 1.13518e-05 94.32561118261272709 0.14680359932413528101 10 68.3542 
57754.6062344268 1.13485e-05 94.31836454354483297 0.21819385559960119414 10 243.0092 
57761.5505799462 1.12316e-05 94.415531095060382986 0.05258894695231666749 10 14.9136 
57775.4737160605 1.12352e-05 94.230598823241417034 0.22255718489093589962 10 247.8073 
57782.5054628937 1.12421e-05 94.477985935272751676 0.03046512038244796744 10 6.0555 
57796.5055352383 1.13577e-05 94.432914996233417837 0.02062688697484572550 10 3.5589 
57803.5055574073 1.14441e-05 94.414348660561531287 0.01638607176647263741 10 1.5850 
57817.4013890424 1.19425e-05 94.473488995898688515 0.16637339012322277521 10 156.2103 
57824.4179085128 1.13064e-05 94.413367518256306958 0.01360994152615902474 10 1.2341 
57831.4250655549 1.14132e-05 94.308643732260019829 0.29997401147576241431 10 636.2114 
57838.4250259979 1.15638e-05 93.8911130446998142 0.53798247800252407824 10 1898.8574 
57846.3138955649 1.13286e-05 94.56289938365382769 0.24189718619009356604 10 371.2481 
57853.3139451031 1.13501e-05 94.42688810442884214 0.01215801521694948213 10 1.0666 
57860.3138444169 1.14375e-05 93.917253805605692002 0.53467705933299536358 10 2449.0974 
57888.1609626586 1.13078e-05 94.144137421293302675 0.39364262837527835837 10 988.4131 
57895.1611373652 1.12303e-05 94.650954231236516384 0.36142878616187501528 10 700.3530 
57902.1611428171 1.1274e-05 94.848669940998859479 0.52254418222542842187 10 1891.3830 
57909.1612173183 1.13755e-05 94.377014728120071613 0.04321688122608344229 10 14.0015 
57916.1611556302 1.13596e-05 94.368797916060155911 0.05039194021645652249 10 16.1729 
57923.1608314384 1.16099e-05 94.302099102326393726 0.31899624815960936353 10 608.6301 
57930.0744584517 1.12698e-05 95.119406438320981828 0.62323456635726004471 10 1511.9590 
57937.0743531586 1.1385e-05 94.447566095917463797 0.04366811581767766903 10 16.6065 
57951.0742627036 1.14991e-05 94.500615897023783646 0.09282622640633265976 10 57.7423 
57958.0743660013 1.15787e-05 94.454483203971776842 0.07741824641028186016 10 48.8855 
57971.0091504578 1.12911e-05 94.414110697208237129 0.01040124858059207104 10 1.0435 
57985.9423892585 1.13221e-05 94.421246075665943069 0.02969338900627669850 10 6.4586 
57992.9421862910 1.13982e-05 94.421433048660153263 0.01267351542914224756 10 0.9668 
58006.7892695134 1.16786e-05 94.04965214377824903 0.41833032524747071346 10 722.5776 
58013.7886855792 1.20801e-05 93.859279589994565302 0.42097859806803999971 10 744.8736 
58020.7901288099 1.16155e-05 94.406904318941563772 0.01387611521383024307 10 1.2853 
58027.7896259687 1.10666e-05 94.641426847161354952 0.36601663883231477792 10 799.7371 
58034.7896374768 1.1282e-05 94.400218257651606804 0.00993793941583245681 10 0.6276 
58048.7236170992 1.12302e-05 94.429044305710535472 0.02634265061935031627 10 4.4371 
58069.7236060814 1.14467e-05 94.422197870846441212 0.01245643906267423009 10 1.2920 
58083.6577268232 1.11971e-05 94.483923545725858731 0.08625167338919584314 10 37.9747 
58090.6576510780 1.13659e-05 94.443464211221837948 0.01111696186370308287 10 0.7474 
58097.6574796546 1.13087e-05 94.37432567133479467 0.05438229497373634619 10 24.7656 
58104.6577315174 1.1228e-05 94.398338202890397744 0.02165028349077141936 10 4.3855 
58118.5915516797 1.1266e-05 94.305998676436452635 0.19980820320529713019 10 237.9034 
58125.5915799077 1.13845e-05 94.435368578284595902 0.01880670635404558394 10 3.3894 
58132.5915137964 1.13493e-05 94.419365675912794743 0.01332316178900162622 10 1.1228 
58139.5360549225 1.13035e-05 94.834121675147920266 0.43566689924229923259 10 1624.0456 
58146.5361479126 1.13796e-05 94.427042559900852874 0.01518341093744746996 10 2.1070 
58160.4911467277 1.13633e-05 94.392980550328795655 0.01353686230203063161 10 1.5391 
58174.4254879592 1.18958e-05 94.494599954810278783 0.12306429421455793161 10 85.2507 
58181.4252531963 1.16972e-05 94.727369856324697778 0.19553851728087126571 10 287.7278 
58188.4247516549 1.13243e-05 93.486001697457261378 0.82780469587007399213 10 4009.0865 
58195.4239228099 1.18899e-05 94.412682040659081296 0.01660384403607989556 10 1.8830 
#58203.3138960352 1.1947e-05 92.030268104214568908 1.31798351010352932100 10 8017.7004 
58210.3121440924 1.17708e-05 94.222217625622355086 0.24909908369864652844 10 344.2405 
58217.3137972167 1.12703e-05 94.125213637605063738 0.57064218465931426660 10 1865.5895 
58224.3045650082 1.10144e-05 95.271858213628177497 0.50181246676860824518 10 1135.5993 
#58231.3139054473 1.17608e-05 94.396775774935607825 1.04323759787066072668 10 6766.2719 
58238.3140880044 1.07393e-05 94.318781180292429411 0.06679280007518414997 10 25.5672 
58245.0741360993 1.10723e-05 94.458483738120182033 0.57526449412089286639 10 733.1991 
58252.0745693914 1.17151e-05 94.684425804368662655 0.09339743902783706475 10 30.2592 
58259.0739438007 1.13234e-05 94.925245561463602789 0.87402257947723716036 10 1279.7532 
#58266.0740355438 1.14269e-05 93.914337462337614343 1.06725251917922125955 10 2193.7048 
#58273.0735950009 1.07663e-05 96.447892109656110787 1.03211348297706706489 10 2862.2772 
#58300.1318335797 1.11035e-05 90.486841111088625905 0.97895990794605491914 10 4719.8102 
#58313.9808049322 1.08656e-05 92.638327684831563075 0.76801447338668060727 10 2990.9107 
58327.9815629840 1.09688e-05 94.33739367295875447 0.09193117623249544290 10 54.8665 
#58355.8090153095 1.2271e-05 95.225173435281830064 1.85136731616318606086 10 9140.2372 
#58369.7643826704 1.13628e-05 94.974119772960743674 1.51768089606881662057 10 6252.8659 
#58397.7657451212 1.17551e-05 96.373250200678172134 1.03175900789344332509 10 3466.3707 
#58439.7146495850 9.702e-06 91.703526685946938873 0.82097190780676754240 10 2030.4788 
#58456.5500940074 1.17946e-05 97.100369255163303944 1.61245788848493409873 10 6807.9956 
#58463.5500844403 1.07264e-05 96.864143820893923359 1.02583104189268148332 10 2627.0182 
58470.5499209859 1.157e-05 93.898668424938562665 0.35868431818060436678 10 430.6593 
58476.5501640352 1.20249e-05 94.383628109475795287 0.03461392983996165046 10 3.3595 
58483.5498369310 1.19205e-05 94.423893608216135059 0.01916083053586936299 10 1.2402 
58491.5602768798 1.1709e-05 94.410648057741922416 0.00897214748079867667 10 0.4308 
58498.5597689901 1.2154e-05 94.472653495134539255 0.02311857474393538836 10 1.4881 
58505.5603872854 1.26525e-05 94.396386030640653211 0.02063553099925241260 10 1.5412 
58512.5609248212 1.13601e-05 94.410115906899928516 0.02864066986329034947 10 7.9533 
58519.4596704577 1.17991e-05 94.561604088442504312 0.17224018728026019298 10 147.9968 
58527.1539617419 1.17368e-05 93.624859027302830244 0.60912251981887910457 10 638.2644 
58541.0880347272 1.19255e-05 93.551259961979210095 0.76085012283166175706 10 765.9544 
58548.0880816629 1.1978e-05 94.394625728262502751 0.05600006066269851146 10 5.6869 
58562.4068851748 1.24192e-05 94.381247257872361037 0.06402849888209853624 10 32.7219 
#58588.4114602637 1.13053e-05 95.709131496475849249 1.99535496235781883989 9 5061.9648 
