#_MJD RANGE DM DMunc nToA chisq
57369.8512379836 7.47516e-06 65.84008386907068501 0.01035281422705939050 7 0.4097 
57376.7897165104 8.13666e-06 65.823968274345366999 0.01497251642620093907 7 0.4719 
57383.7665242272 8.1373e-06 65.83275920232539509 0.01623155218483652434 7 0.8033 
57390.6610967412 8.11969e-06 65.812960883168271121 0.01161004053161595814 8 0.5296 
57397.6612369406 8.14665e-06 65.820509817336854998 0.00849602349633192880 8 0.2479 
57404.6610148441 8.1366e-06 65.825700138533463759 0.00795315453565468081 8 0.3314 
57411.6575865899 8.09629e-06 65.835546037681711304 0.01278830620244793791 9 0.7134 
57418.6575931088 8.13254e-06 65.825774936418237931 0.01330661977353812982 7 0.4714 
57425.6609895403 8.16584e-06 65.805791382132839934 0.01199064263689890789 8 0.6185 
57432.6610636627 8.16196e-06 65.854161735018048901 0.01859090830520000737 7 1.0753 
57439.7268648664 8.12788e-06 65.821407009841985079 0.01158518942195322851 8 0.5375 
57446.7413045737 8.0838e-06 65.842002353123678549 0.01336710206090059236 6 0.3846 
57453.7444930536 7.69335e-06 65.824464014458489332 0.01225931265283682937 6 0.3883 
57460.7449362014 8.0924e-06 65.843247843763470291 0.01823105175052313828 6 0.4998 
57467.6609996102 8.08742e-06 65.830261486239326239 0.01410355556490873463 8 0.5777 
57474.6612642073 8.11785e-06 65.798599792139665754 0.00826367791129247083 9 0.3809 
57481.5742443905 7.53183e-06 65.839063260841412598 0.01905251266654853920 5 0.5177 
57495.5743769502 8.15386e-06 65.831811507931767821 0.02028592169379617866 7 0.9836 
57516.4249401333 8.12604e-06 65.824372535319553755 0.01258491052122777919 7 0.8274 
57523.4247693917 8.13345e-06 65.818524260418145175 0.01574284883836903071 7 0.6405 
57530.4250930587 8.16803e-06 65.809590779894059191 0.01318933462364667124 8 0.7767 
57537.4249212409 8.14292e-06 65.831224956178974149 0.01422674568157398893 8 0.6936 
57544.4247404681 7.53416e-06 65.830922825211308377 0.01065157090627121689 7 0.3344 
57551.4247685764 8.15795e-06 65.811865843939341185 0.01170521679669248374 9 0.6747 
57566.3068885759 7.46694e-06 65.822255572392734169 0.00872153756538711356 8 0.4244 
57601.2026819254 5.49615e-06 65.823807745458082059 0.01455497047735797821 7 0.9523 
57608.2026651418 8.14382e-06 65.825140685594898157 0.02572306614550518358 7 2.3848 
57615.2026480822 8.12895e-06 65.827712642282738192 0.01176414056701811754 7 0.5497 
57621.9843743015 8.14884e-06 65.824868813738604163 0.01395053406725160240 8 0.8663 
57636.0259059743 8.13116e-06 65.826304595396355882 0.01343853446868553507 8 0.7612 
57643.0261283753 8.14077e-06 65.846517509947885521 0.00773774676084461061 7 0.1870 
57650.0916351744 8.14656e-06 65.819226877334806924 0.01647137863585059966 8 1.2028 
57657.0430557930 7.52512e-06 65.801890191710916828 0.00926169195662564226 7 0.2351 
57664.0429808941 8.11558e-06 65.831417020079945161 0.01773389844528917500 8 1.2859 
57674.9596067444 5.4972e-06 65.840115539230593206 0.01159018594198816046 7 0.4307 
57681.9597537078 8.13925e-06 65.846268774189307425 0.01104564854023643364 8 0.6674 
57688.9596013155 8.11867e-06 65.849595435823347331 0.01354438650372591542 8 0.8811 
57698.8486626081 8.12144e-06 65.816745561992314961 0.00935988013284062836 8 0.4814 
57705.6921634201 8.1105e-06 65.822404063462346693 0.00845804325803153900 9 0.2082 
57712.6920485331 7.50365e-06 65.812643982069826548 0.01203707862898215249 7 0.3599 
57719.6991388171 8.09936e-06 65.823445589011364172 0.01185043736000842944 8 0.8573 
57754.6931052687 8.14478e-06 65.827573741100386465 0.01718876154659922800 8 1.8614 
57761.6374797227 8.13529e-06 65.834703993731259891 0.01974560895952544651 7 1.4691 
57782.7450997215 8.14048e-06 65.845167354954995259 0.01205362708329506087 7 0.5444 
57796.7450725924 8.14545e-06 65.811779999204604162 0.01150414466408164645 8 0.7611 
57803.7448131448 8.14077e-06 65.800528910069641497 0.01815420919314975415 7 0.9899 
57816.6514147469 8.11754e-06 65.814435256599871274 0.01060133203599740968 6 0.1852 
57817.6407411618 8.12458e-06 65.808678480617772241 0.00856265334396506816 8 0.3504 
57824.6579244931 8.09888e-06 65.817039369769861516 0.01287430724045480861 8 0.7811 
57831.6643126589 8.14654e-06 65.809841155360134776 0.01340523568160962610 8 1.2097 
57838.6642931989 8.10013e-06 65.817228468813196107 0.01133072791236002484 8 0.6428 
57845.5778850335 7.14076e-06 65.812000637278611562 0.01029255316319323786 8 0.5869 
57852.5777283202 8.16429e-06 65.801294215581735837 0.01245224991498156131 7 0.7358 
57859.5776061354 8.13866e-06 65.805339968354600047 0.00824012260709279347 8 0.4763 
57887.4248135357 5.48379e-06 65.842359818032691651 0.02086346443667317849 7 1.8597 
57894.4251056533 8.15095e-06 65.809133849826635269 0.00398126385105120485 8 0.0960 
57901.4249237244 8.14247e-06 65.814290294540591604 0.00949363111638431081 8 0.6038 
57908.4247914046 8.14091e-06 65.799396171126583066 0.00865263301496894434 8 0.3874 
57915.4248666262 8.09975e-06 65.821967280321306407 0.01532448868020094487 9 0.8811 
57922.3831355607 8.14052e-06 65.802600547946434706 0.00826804291022763607 8 0.3865 
57930.3137291420 5.5534e-06 65.819033415213791124 0.01091871677185942205 6 0.3891 
57937.3137775818 8.11122e-06 65.803953988208145287 0.00814683732164008662 9 0.4284 
57951.3139098339 8.2029e-06 65.816219012507335494 0.01239243260151899270 8 0.5429 
57958.3137091301 8.16113e-06 65.810059477046660634 0.01753426890640913394 8 1.4996 
57971.2477777800 8.10515e-06 65.815169225373386173 0.00876911809770496674 8 0.4072 
57986.1816706730 8.14169e-06 65.806749739917970346 0.00921164570721833519 8 0.5665 
57993.1817219862 8.12636e-06 65.803784143047135191 0.00889038363355297394 8 0.3166 
58000.0292124840 8.1247e-06 65.800782258873402361 0.01078014231909137956 8 0.9214 
58007.0290625748 8.14421e-06 65.82578493050925366 0.01005500165994465019 7 0.5062 
58014.0291117428 8.14521e-06 65.805291254214747169 0.01104045269556463461 8 0.5174 
58028.0291287647 8.11057e-06 65.839004955127965669 0.00976478581516958613 8 0.6145 
58035.0289696883 8.11098e-06 65.807545744421879125 0.01164588015047092646 7 1.0129 
58048.9630941010 8.14883e-06 65.82207763225331687 0.01003072203357138932 8 0.6967 
58069.9632379924 8.11296e-06 65.815763366061653797 0.01366597560432762995 6 0.7394 
58083.8972218573 8.13092e-06 65.814485153674522719 0.00970724676629687415 8 0.6230 
58090.8972228036 8.14135e-06 65.808556716726256508 0.00755166973477810425 7 0.2970 
58097.8974083331 8.14313e-06 65.819291331022399177 0.00696675311302545532 8 0.2364 
58104.8973095620 8.12528e-06 65.822092446274451057 0.00912921486011700027 8 0.5705 
58118.8312316114 8.14716e-06 65.817654770901467556 0.00727702109973160215 9 0.3080 
58125.8312661144 8.13892e-06 65.817938720010309629 0.01532536343601279688 7 1.1431 
58132.8315232838 8.11806e-06 65.828363571228845179 0.01318987186629672417 8 1.0604 
58139.7756525250 8.13444e-06 65.836522878516264216 0.01298112183231250535 8 1.2865 
58146.7755984829 8.14718e-06 65.808373446029369724 0.00867001112644968409 8 0.5569 
58160.7305192948 8.13756e-06 65.814748833390744262 0.01114086516130806913 8 1.1513 
58456.7237030100 8.14174e-06 65.824673768579857996 0.01436086658501281414 8 0.5819 
58463.7235436259 8.14749e-06 65.822039045898981101 0.01089765237446147297 7 0.5385 
58470.7234882598 8.22906e-06 65.833800052268152535 0.00794175629914555675 6 0.1341 
58476.7235689759 8.06801e-06 65.824139478024906856 0.01449906216747044903 8 0.6854 
58483.7899614935 8.05972e-06 65.806465519206582854 0.01043815487824323318 8 0.4363 
58498.7999484341 8.1212e-06 65.818246646195702282 0.02444854403029552911 7 0.9104 
58505.8000363857 8.14136e-06 65.811529388165088385 0.01789898368663624464 7 0.6908 
58512.8003149726 8.14929e-06 65.805770768748052008 0.01400565578184580738 8 1.6688 
58519.6821404443 8.14027e-06 65.82373594695072274 0.00691537483223729574 8 0.4945 
58527.0675171588 8.14065e-06 65.833212136938511469 0.00988691130984808986 7 0.1234 
58541.0019000003 7.51e-06 65.847410713513975102 0.02161424804941393038 6 0.5209 
58548.0014993781 7.51621e-06 65.84033146407672972 0.01443698807821592288 6 0.1655 
