#_MJD RANGE DM DMunc nToA chisq
57363.1514021766 2.24903e-06 11.273551654893944336 0.00138592574895847367 10 1.1666 
57370.1161046760 2.46004e-06 11.271705865253273473 0.00131699603236399643 10 1.2260 
57377.1466382843 1.68863e-06 11.271514843489574617 0.00256621812166304194 9 1.4420 
57391.1555449899 2.15085e-06 11.276372501469147214 0.00105682116030497231 10 0.2862 
57398.1555251696 2.14293e-06 11.274808822049883494 0.00179114584582043199 10 0.7575 
57405.1542767338 2.2749e-06 11.270133164573335404 0.00132707253395548215 9 0.4549 
57412.1504916012 1.50108e-06 11.272541195560289819 0.00397419546938511913 8 2.4602 
57419.1504888392 1.69548e-06 11.275791951288705546 0.00186406673503569285 10 0.6265 
57426.1463869987 1.92745e-06 11.278559266450471957 0.00289810700166926805 8 1.0075 
57433.1535307048 2.09199e-06 11.270369730812357368 0.00314273507861361932 8 0.7216 
57440.1539701137 1.2925e-06 11.274259106778015599 0.00539845842348715601 5 0.7287 
57447.1014750606 1.54734e-06 11.270947793732296349 0.00195405838599147863 8 0.2500 
57468.0219023687 2.45082e-06 11.280241342282493176 0.00275991776071355050 8 0.2881 
57475.0217065807 9.84339e-07 11.282263677800614584 0.00500659443071287211 5 0.5145 
57481.9355298511 1.69539e-06 11.273114553050609459 0.00188200238919760754 9 0.3220 
57488.9353995152 1.68995e-06 11.273626385855723455 0.00237487932072437489 9 0.5723 
57495.9352830167 2.24043e-06 11.271364573229392987 0.00274949466113449210 8 0.4293 
57509.8626715122 2.22944e-06 11.275755483662703914 0.00168082667566456343 7 0.1275 
57516.7858769977 1.69706e-06 11.275262078760890924 0.00254249669923967570 9 0.7008 
57523.7861545088 1.69277e-06 11.273883798618502532 0.00337525856171202012 9 1.1776 
57530.7863335064 2.2463e-06 11.270542705159820876 0.00272930444554525618 8 0.6151 
57537.7861578386 2.43053e-06 11.272216180853954758 0.00191726041452252335 10 0.4173 
57544.7860971354 1.27474e-06 11.273797085753835134 0.00400604578552685425 6 0.9688 
57551.7859365965 1.69765e-06 11.273667478474559042 0.00496017406970089211 7 0.7181 
57558.7858306801 1.40476e-06 11.27282254755889666 0.00589719858835107899 6 1.1112 
57565.6993399128 2.15567e-06 11.272283620414275259 0.00220892908889890743 10 0.6108 
57572.6994478680 2.18374e-06 11.27142867633126984 0.00176799652666685702 8 0.2791 
57593.6989285452 1.21932e-06 11.273702774881693268 0.00072407514498654558 4 0.0038 
57600.6335562873 2.14766e-06 11.27785422441958053 0.00408606701458027848 7 0.8650 
57607.6332492554 2.18962e-06 11.271846693652595412 0.00212347510018716336 9 0.1911 
57614.6329470771 1.4035e-06 11.275101093709621417 0.00246042981775471039 7 0.2281 
57621.4796449077 1.71115e-06 11.27205083293632007 0.00232929668437747376 10 1.5220 
57635.4806699337 2.14305e-06 11.274918384203246696 0.00190497770585620896 10 0.8756 
57642.4807183476 2.40833e-06 11.273138904855790026 0.00287554462232098842 7 0.9579 
57649.4805464551 1.49456e-06 11.274796492046609371 0.00218082524115031191 9 0.5955 
57656.4146809737 1.68755e-06 11.275180069390961656 0.00124638779291469620 10 0.2892 
57663.4147699691 2.25292e-06 11.275962651148073879 0.00151913102158321607 10 0.3541 
57681.3313177850 2.37452e-06 11.275850407964864051 0.00142578662622392174 10 0.6344 
57699.2095958409 2.23541e-06 11.272928549222438495 0.00100689395623092715 10 0.6750 
57706.2061366581 2.38876e-06 11.273411262212650465 0.00099532878492785727 10 0.5704 
57713.2060941148 2.19141e-06 11.27202922660063979 0.00165254353427610992 10 1.1467 
57720.2127877923 1.71189e-06 11.273873783231857165 0.00209166195213705917 9 1.4558 
57748.2138671011 2.24735e-06 11.274928312590830719 0.00207336639277524905 8 0.5791 
57755.2067755403 1.69499e-06 11.278399362783243952 0.00268740129990453075 10 0.7821 
57762.1515391958 1.68279e-06 11.273078138022350617 0.00220758337119373151 10 0.6056 
57769.1516226528 2.2298e-06 11.274800388946082422 0.00301858697401275302 8 0.9613 
57783.1064069194 2.14771e-06 11.274154677040813076 0.00285217486701562582 9 1.1540 
57804.1059303759 2.29639e-06 11.27768770311805366 0.00330198036280255269 9 1.0416 
57817.0264302278 2.15121e-06 11.273551722337478946 0.00170170667717826733 10 1.0231 
57824.0426154988 2.36668e-06 11.2743530265159199 0.00186539721323647424 10 0.9192 
57839.0250709660 2.21698e-06 11.274913376198925787 0.00163671828346414420 9 0.6169 
57845.9390057093 2.15361e-06 11.272152983320767377 0.00125904407299644479 10 0.6817 
57852.9388571509 2.18652e-06 11.272928721962500613 0.00198271018554935967 9 1.2797 
57859.9386248624 2.37707e-06 11.274060613101713996 0.00165478955291908469 10 0.8258 
57887.7862980952 2.21116e-06 11.273942138605869802 0.00097983553726709981 10 0.6074 
57894.7862476977 1.6815e-06 11.272593356114273535 0.00126536772512888867 10 0.6491 
57901.7862324063 1.69306e-06 11.275091037016352805 0.00163016709145273153 10 0.9777 
57908.7864678250 2.23353e-06 11.277036844363848474 0.00167216720030008577 10 0.9382 
57915.7860610312 2.15328e-06 11.271548963305474633 0.00137946126159893307 10 0.3727 
57922.7857292232 2.23523e-06 11.272962220849901182 0.00206696869805399414 8 0.4014 
57929.6994267669 1.68108e-06 11.274376311813186129 0.00345638886144840297 9 1.1125 
57936.6993164407 1.69019e-06 11.276415493294981286 0.00245774249189912621 8 0.6818 
57950.6989905317 2.19915e-06 11.275240681118552313 0.00161539718401371136 10 0.4390 
57957.6987596337 2.21765e-06 11.277789980682372369 0.00193209998764320426 10 0.5633 
57964.6335159079 1.68154e-06 11.270589281171617291 0.00149504205266597296 8 0.3995 
57970.6331163045 1.68766e-06 11.27366241271268775 0.00106780000855636074 10 0.2623 
57985.5675053577 2.20833e-06 11.274058725307857898 0.00106969754981440417 10 0.3070 
57992.5672743432 2.37888e-06 11.273200093787953999 0.00181484793336206393 10 0.7988 
58006.4144509788 2.31564e-06 11.274781251378052753 0.00128605161289643572 10 0.7428 
58013.4145438597 2.15419e-06 11.274556475886584302 0.00096539955627465885 9 0.2597 
58027.4147877895 2.37836e-06 11.2737429663965737 0.00166675641146657059 10 0.7975 
58034.4145333041 1.69362e-06 11.278608945122970668 0.00243230262139073434 8 1.2652 
58049.3244468036 2.14786e-06 11.274444861785316673 0.00088595884983572984 10 0.5024 
58070.3244496072 1.68896e-06 11.273662010162043106 0.00131695710829616707 10 0.3182 
58084.2584927021 1.87087e-06 11.274054631057176824 0.00221072450935860289 9 0.9105 
58091.2583781623 2.47685e-06 11.272449067619921416 0.00246651356626917612 7 0.6466 
58098.2584249893 1.68689e-06 11.277972943950492435 0.00150777693029355742 10 0.4345 
58105.2580231855 1.50725e-06 11.276981693513438617 0.00280298061418507048 9 1.5997 
