#_MJD RANGE DM DMunc nToA chisq
57362.4222083953 7.84184e-06 9.1870417215416532311 0.00121986173735501606 8 1.7766 
57370.2888514283 7.7958e-06 9.1886832139724653338 0.00042263081462884920 8 0.8089 
57377.3277261615 7.8396e-06 9.1894043120506427175 0.00085011808289261407 8 0.9367 
57381.1404484631 7.7921e-06 9.1888716616209253065 0.00029016995989606216 8 0.2662 
57384.3454147033 7.81131e-06 9.1907801218873333687 0.00145783257611113563 7 1.2625 
57391.2858290858 7.83896e-06 9.1900015089089064999 0.00137800514143259379 8 1.8592 
57398.2856241691 7.83663e-06 9.1865500361204743638 0.00087393202683733098 7 0.5310 
57405.2860856594 7.8342e-06 9.1882860264092129287 0.00099702260113219759 7 0.3004 
57412.2835368255 7.83658e-06 9.1870637205998698146 0.00146127176162094675 8 1.1575 
57426.2860795366 7.83924e-06 9.1899971689312820152 0.00232377924192671455 6 1.2650 
57433.2867468649 7.83513e-06 9.1898319542820212247 0.00258378805764824257 6 1.0775 
57440.2867501537 7.83999e-06 9.1925599631564092109 0.00383221981086559818 5 1.3734 
57447.2337677917 7.83737e-06 9.1925558451614329848 0.00314874036634827043 5 0.8441 
57454.2381718342 7.87739e-06 9.1908441604868540004 0.00142184019874299142 7 0.7911 
57461.2392807594 7.86751e-06 9.1880915049588900104 0.00100872950321748622 7 0.3097 
57468.1545144287 7.85817e-06 9.1892693425054653095 0.00081331818420541020 8 0.4925 
57475.1540245489 7.85818e-06 9.1882401472046321437 0.00240393493147318974 6 1.8334 
57482.0673999702 7.85381e-06 9.192387379443831474 0.00243820402443515162 7 3.0098 
57489.0675356383 7.85252e-06 9.1880771490307118913 0.00138459888803637546 8 2.1703 
57496.0684547090 7.85332e-06 9.1893423091178217917 0.00125283648462175897 8 1.0807 
57509.9943898594 7.84411e-06 9.1900429348750198354 0.00092778627422601255 8 0.5618 
57516.9183761070 7.84759e-06 9.1899473663893979959 0.00091889457624736554 8 1.0362 
57523.9181235930 7.84873e-06 9.1886143030852106941 0.00076603461495175170 8 1.2830 
57530.9180826787 7.85228e-06 9.1857623925098591307 0.00130974273928046087 8 1.7449 
57537.9192434680 7.82899e-06 9.1928397634572690473 0.00100975344209580653 7 0.3162 
57544.9183971450 7.85067e-06 9.1928488574977407864 0.00147486053991518129 8 0.9818 
57551.9184508483 7.84843e-06 9.1888558580057868395 0.00171670099863150500 4 0.1637 
57558.9180749485 7.85277e-06 9.1887697833400064111 0.00268225587322066129 5 1.3618 
57565.8308706757 7.84668e-06 9.1912460089152635476 0.00161104304956965908 7 1.4151 
57572.8318046182 7.84387e-06 9.1891549971669407946 0.00235465686855660392 5 1.1154 
57593.8311811221 7.87135e-06 9.1833518753207706445 0.00075832425991808055 5 0.0764 
57600.7655407510 7.84088e-06 9.1920145542777095156 0.00136022753279976664 6 0.8908 
57607.7659290675 7.84495e-06 9.1898880868128578221 0.00162398488330489448 8 1.4157 
57614.7653176585 7.86215e-06 9.1901278679027108478 0.00175705709063118617 8 1.4613 
57621.6125944996 7.81382e-06 9.1908707025520880755 0.00123847077368557349 8 2.3566 
57635.6123726573 7.8326e-06 9.1908407229226280659 0.00135591981466810438 8 2.6901 
57642.6124975404 7.83467e-06 9.1899422969400089587 0.00062789013809807180 8 0.4180 
57649.6123545929 7.80876e-06 9.1906339737073177104 0.00173140112565300279 8 1.7432 
57656.5467465844 7.82564e-06 9.1895226904745355755 0.00108599458151918812 8 2.0879 
57663.5464613996 7.83379e-06 9.1892927822931847895 0.00074545798507872675 8 0.9389 
57674.4631690183 7.81481e-06 9.189425136421351191 0.00083359103916447142 8 1.0207 
57681.4629891703 7.8313e-06 9.1899160981046463317 0.00070838180077532854 8 0.9731 
57688.4629511469 7.82079e-06 9.1888124779157253422 0.00104126508250631470 8 2.1807 
57699.3416481525 7.79593e-06 9.189284032201416659 0.00063398993022003691 8 1.1192 
57706.3288926250 7.7983e-06 9.1894815367055699773 0.00091235661111050879 8 1.6702 
57713.3377952069 7.80785e-06 9.1901814660199241044 0.00077094925735052375 8 0.8257 
57720.3436337738 7.81275e-06 9.1902383427546610268 0.00141009642382784869 8 2.4575 
57748.3444434818 7.84844e-06 9.1910382401871283855 0.00141334050315542956 8 0.7137 
57755.3389768658 7.83664e-06 9.1912312986537666589 0.00071601208666365317 6 0.1537 
57762.2826698685 7.84408e-06 9.1886383990082628132 0.00260776133831317055 7 1.7221 
57769.2829109486 7.84281e-06 9.1893099427093145838 0.00186702215282348767 7 0.9456 
57783.2376877998 7.8448e-06 9.1910911569360994027 0.00105116640050265499 8 1.2208 
57804.2380634856 7.84928e-06 9.1893463759120564156 0.00150065878774993124 7 0.8591 
57817.1575944220 7.8598e-06 9.1897397799113418214 0.00080206009490735742 8 0.9715 
57824.1753255881 7.85725e-06 9.1902295495926140069 0.00097968840856203451 8 1.0781 
57832.1576846775 7.85994e-06 9.1907171052081185116 0.00100640376814041944 8 0.8872 
57839.1574928842 7.87214e-06 9.189776243684019616 0.00158715859851861658 7 0.8335 
57846.0699789371 7.85542e-06 9.188425638217688228 0.00211495517685223681 8 2.4831 
57853.0689189883 7.8443e-06 9.1892882293127232237 0.00107912419695366203 8 0.6667 
57860.0710783311 7.85706e-06 9.1918782128113100238 0.00159598980585558465 8 1.8540 
57887.9177842572 7.84641e-06 9.1899236346428383624 0.00116652957992566860 8 0.9952 
57894.9176290726 7.84844e-06 9.1894076532617583724 0.00101921123444716449 7 0.5394 
57901.9179101105 7.85058e-06 9.1907928051274909095 0.00092028735164503177 8 0.7656 
57908.9181021297 7.85472e-06 9.1913713239197087608 0.00131710809229692205 8 0.9907 
57915.9182366715 7.85124e-06 9.190819724450377811 0.00063165541402650683 7 0.3283 
57922.9175788940 7.86113e-06 9.1894374992569546967 0.00152198623439977121 8 1.3187 
57929.8303430439 7.84261e-06 9.1911483440844531784 0.00142777204848792256 8 1.2974 
57936.8312843377 7.84794e-06 9.191677946081997631 0.00139277072400013913 8 1.4081 
57950.8315764611 7.85339e-06 9.1923354399274079182 0.00330856623080781880 6 2.7509 
57957.8310721489 7.85213e-06 9.1917817915045424782 0.00148845151699776752 5 0.2447 
57970.7654423900 7.8483e-06 9.1911296266747225178 0.00121222723440099229 7 0.8287 
57985.6990892851 7.83423e-06 9.1877662954150294342 0.00093980685093346568 8 0.7206 
57992.6996133935 7.84002e-06 9.1889950682971840894 0.00087696006459723553 8 0.7480 
58006.5464008057 7.82903e-06 9.1914268830912365243 0.00061528915200391627 8 0.9884 
58020.5467528460 7.69579e-06 9.1927958697809039439 0.00199850419688817017 7 3.8384 
58027.5461122632 7.82801e-06 9.1894899759867613 0.00069611037341899408 8 0.6541 
58034.5465182070 7.82838e-06 9.1908205665584606419 0.00097439660716646553 8 1.0041 
58048.4801536157 7.83548e-06 9.1905354066770646526 0.00057860426645824678 8 1.2809 
58069.4803071183 7.82939e-06 9.1904996100109864832 0.00097583461777070359 8 0.9433 
58090.4144733361 7.83919e-06 9.1867397880544947389 0.00113997973662027840 8 0.5827 
58097.4148152069 7.84341e-06 9.1924400273858447603 0.00180697812277805822 8 1.3835 
58104.4147020369 7.8415e-06 9.1919371089290862614 0.00138630629979149384 7 0.4588 
58119.3239418239 7.85135e-06 9.1898717876057000051 0.00135505617965377178 7 1.2024 
58126.3243337096 7.83594e-06 9.1913370455483681754 0.00050386189999597356 8 0.1646 
58133.3247954833 7.83985e-06 9.1918908740438496257 0.00164012685978858603 8 0.9967 
58140.2684512401 7.83521e-06 9.1921496515201337931 0.00356019320364541359 6 3.4548 
58147.2692769570 7.8357e-06 9.1872764524221310605 0.00188824435361340643 8 1.8597 
58161.2234738280 7.85399e-06 9.1925845366447401343 0.00093900113596935412 8 1.0658 
58175.1575463028 7.84721e-06 9.1907964513781080724 0.00060915256842089299 8 0.6656 
58182.1578636912 7.85525e-06 9.1897196310965229959 0.00109321433519948136 8 0.9886 
58189.1577815411 7.85014e-06 9.1948074393073196331 0.00193273811540301682 7 1.9037 
58196.1576997344 7.84934e-06 9.190095475950189211 0.00214376720409218064 8 2.5923 
58203.0691324735 7.84191e-06 9.1920286393241750229 0.00216796418668875959 8 4.8745 
58210.0706291597 7.84671e-06 9.1892724789168175551 0.00146092767643945186 8 2.1618 
58217.0708274382 7.85192e-06 9.1922826089779744608 0.00130021617494973773 8 1.3489 
58224.0710255327 7.85234e-06 9.1910445694877737008 0.00185543203969832662 7 1.1908 
58231.0707760139 7.85091e-06 9.1950393294329034015 0.00086343631498775873 5 0.0558 
#58238.0707236106 7.84876e-06 9.2042782203614436961 0.00685085895055015902 4 2.1011 
58244.8312926018 7.7864e-06 9.1862303508217440437 0.00159065482218494311 5 0.6922 
58258.8312482023 7.79129e-06 9.193188350277990778 0.00185199212976353412 7 1.9428 
58299.8938136269 7.84219e-06 9.190015483977509894 0.00264683184293370861 7 4.8867 
#58327.7425870893 5.7248e-06 9.1973469987130331543 0.00381053169689473488 4 3.1463 
58397.4457470303 7.8339e-06 9.1908549606088305681 0.00179594141787271940 7 3.4817 
58457.2825305436 7.84556e-06 9.1874496325536001203 0.00117652227594807228 8 1.1707 
58464.2825323544 7.84679e-06 9.1908203599850123704 0.00141505565121432695 7 1.4977 
58471.2824264242 7.8494e-06 9.1917325653787513694 0.00192637166865183037 6 1.1217 
58477.2840435606 7.84697e-06 9.1892921195016555305 0.00186560893396181125 5 0.8039 
#58499.2925222432 7.84238e-06 9.1980874572712980576 0.00833989803586534031 4 3.3772 
58513.2927474327 7.86171e-06 9.1901592308597360647 0.00116658193925897710 8 1.6760 
58555.1194645513 7.85281e-06 9.1927022234279033965 0.00110391578613763981 8 1.2906 
58562.0822899445 7.85256e-06 9.191299435956918876 0.00080558403652349964 7 0.4037 
58589.1605345444 7.94348e-06 9.1888139316872058902 0.00172386948679210321 5 0.2706 
58597.1528170772 7.93355e-06 9.1897571166346076754 0.00156151972601991729 5 0.2755 
58603.9715811787 7.84505e-06 9.1890541479507087761 0.00116268891022762336 8 1.0639 
58610.9522602448 7.85141e-06 9.1918249821285764583 0.00195439664204784952 8 4.4829 
58617.9584303844 7.85578e-06 9.1957058124823947568 0.00104473094155396783 7 0.9873 
58624.8860118478 7.71588e-06 9.1899474159746309928 0.00181312522491794480 7 2.8361 
58631.8692091745 6.37503e-06 9.1919440990450772249 0.00125315062761834572 7 2.5860 
