#_MJD RANGE DM DMunc nToA chisq
57705.4736459229 6.096e-06 26.769719789101050463 0.00035521011839492479 7 2.5023 
57712.4735673630 7.73612e-06 26.769422731298632909 0.00021732291796748996 9 1.8376 
57719.4806154064 7.72037e-06 26.769400803555428604 0.00034749448332376421 9 4.0942 
57754.4743138823 7.70267e-06 26.769283127036210733 0.00015131432556415739 10 1.6697 
57761.4187669947 7.72086e-06 26.769613485483418616 0.00011866884093796914 10 0.8573 
57783.3493450514 7.69194e-06 26.769535866298289644 0.00014406486627312589 10 0.9849 
57804.3493511405 7.73275e-06 26.769532966976141226 0.00021902760311455887 10 1.0314 
57817.2694277555 7.74513e-06 26.769606437826257518 0.00021604623976622089 10 0.9902 
57824.2860787129 7.74552e-06 26.769313360410735289 0.00012189277943893424 10 0.3413 
57832.2687489478 7.72434e-06 26.769797420464121616 0.00021175157359833426 10 0.4330 
57839.2687560380 7.73426e-06 26.769549042180757353 0.00032579834657183414 10 1.5855 
57846.1820019550 7.73911e-06 26.769541235587568092 0.00028552063702241967 8 0.6074 
57860.1819336223 7.75864e-06 26.76991086563067191 0.00011289332417443825 10 0.2394 
57871.3862392710 5.98871e-06 26.768981493385626463 0.00053885185027350744 7 1.0935 
57888.0291804985 7.76438e-06 26.769553906495232294 0.00023918327241332255 10 1.6269 
57895.0292059294 7.76162e-06 26.769841886282844499 0.00014951395806474092 10 0.5693 
57902.0291817855 7.75775e-06 26.76980491487399492 0.00013892753461913155 10 0.6377 
57909.0292053388 7.74056e-06 26.769625759955190215 0.00019389368591903966 10 0.9391 
57916.0291247257 7.763e-06 26.76941756486811835 0.00025095522567342848 9 0.6333 
57923.0291515788 7.77076e-06 26.769265565523809964 0.00022817738768811553 9 0.4349 
57929.9423594644 7.72874e-06 26.769453871223706008 0.00053138156439959611 9 1.5836 
57936.9423364707 7.74787e-06 26.769965776113369438 0.00029157007300064524 8 0.4112 
57950.9422961500 7.74593e-06 26.770222452925743628 0.00026997476315221560 10 0.6106 
57957.9422987963 7.74904e-06 26.769763966717520384 0.00035383083181901348 9 0.7877 
57970.8764021423 7.70184e-06 26.769789812638793177 0.00021544243482645085 10 0.5769 
57985.8105187067 7.67609e-06 26.769921676871041604 0.00026552366667651346 10 0.6666 
57992.8104040426 7.71313e-06 26.770081381787832744 0.00034407684505527447 9 0.7529 
58006.6576074171 7.76341e-06 26.769365633925510422 0.00021442603817958239 10 0.5459 
58013.6576811012 7.70349e-06 26.769748169918196737 0.00023379923762698965 10 0.7213 
58020.6575918992 7.70657e-06 26.769255727519528514 0.00026743556343303542 10 1.2346 
58027.6575868868 7.68356e-06 26.769258992154929544 0.00017794172949225608 10 0.6388 
58034.6575877479 7.74078e-06 26.769623182159092228 0.00017339495991857377 10 0.6502 
58048.5917144416 7.69868e-06 26.769090229847917141 0.00017211578394924772 10 1.0671 
58069.5916744823 7.67716e-06 26.768989517112616592 0.00013812333810124205 9 0.4662 
58083.5256424678 7.71842e-06 26.769014732438716287 0.00037288019714318374 9 1.4301 
58090.5257194449 7.69668e-06 26.768773211753895161 0.00027059483159579410 9 0.9474 
58097.5256901369 7.73156e-06 26.76937231538038791 0.00042376238615338981 10 1.4260 
58104.5256870179 7.729e-06 26.76943537498538473 0.00029553642051526041 9 0.8160 
58118.4597155908 7.68344e-06 26.768630139740461503 0.00029062051766065063 9 1.0323 
58125.4596692760 7.67748e-06 26.768897960569948037 0.00028686886118880014 9 0.6402 
58132.4596643561 7.70538e-06 26.768979553408280926 0.00016557963254205675 8 0.3167 
58139.4041649959 7.73063e-06 26.768520606528678065 0.00038558026710830369 8 1.2217 
58146.4041273707 7.73506e-06 26.769163716740893703 0.00037032216254996955 8 0.7601 
58161.3346894450 7.67486e-06 26.768187438106577147 0.00028255305211245791 9 1.0942 
58182.2690391652 7.7027e-06 26.768823023606998579 0.00039160835570784290 9 1.1622 
58189.2687032071 7.69789e-06 26.768985476888871608 0.00020188242494951881 9 0.4070 
58196.2687969438 7.70502e-06 26.769131122468441997 0.00036077907913758807 9 1.9608 
58210.1819571490 7.75317e-06 26.768622082560924331 0.00038126108109767630 9 2.9365 
58217.1819540639 7.6985e-06 26.768750535055308076 0.00023887329471239261 10 1.3371 
58224.1813928127 7.75842e-06 26.768467600688144526 0.00008116660407476036 9 0.1576 
58231.1812895377 7.65998e-06 26.768484040185043678 0.00015718515939738646 9 0.7442 
58238.1819136980 7.72818e-06 26.768551548450666689 0.00018267975485368928 8 0.7326 
58244.9422865017 7.71844e-06 26.768047304041156051 0.00037841444705263367 8 2.5011 
58251.9423431274 7.74398e-06 26.767830901590848438 0.00035685709750639128 10 2.9151 
58258.9423483148 7.74468e-06 26.768452068591895051 0.00036118826846729421 8 2.3767 
58265.9423993996 7.71318e-06 26.768613205879006365 0.00020609100712040961 9 0.9106 
58272.9423829272 7.70529e-06 26.768993891671856293 0.00059544651053385945 9 2.6080 
58285.9804989184 7.81419e-06 26.768763805336167927 0.00026359145419588173 10 1.4149 
58300.0012063215 7.77612e-06 26.768598712221816287 0.00056847453799824027 9 2.2542 
58313.8521128492 7.68024e-06 26.768814337875004309 0.00038690690212236082 9 0.8884 
58327.8528889333 7.70106e-06 26.769154010370755909 0.00045000700164186995 7 0.8668 
58355.6820821228 5.73122e-06 26.76915468792662103 0.00036373303273414746 7 0.7182 
58369.6368702204 7.77361e-06 26.768531841213514413 0.00062918530060282094 8 2.4374 
58397.6368600692 7.84348e-06 26.768228920311882399 0.00046400151314072280 7 0.5562 
58463.4180319551 7.86679e-06 26.767602519740039409 0.00055425564561493003 9 1.9845 
58470.4181425323 7.86377e-06 26.767085506273508123 0.00033990423127131300 9 0.8597 
58476.4185736606 7.89304e-06 26.767299767658392562 0.00022332950865997859 10 0.4184 
58483.4257540972 6.24759e-06 26.767709961616829238 0.00051633864601799862 5 0.4040 
58491.4288152629 7.8731e-06 26.767401722122976264 0.00033779442341737580 10 1.3493 
58498.4285218599 7.86869e-06 26.767686999493100961 0.00038450944379531343 9 0.6678 
58512.4286130916 7.78409e-06 26.766519980821139351 0.00016026638811427344 10 0.9820 
58526.4285438372 7.73671e-06 26.766303825942891472 0.00014455711703419016 8 0.8499 
58533.4286871009 7.77539e-06 26.766560272318815322 0.00020394526288928906 9 1.2598 
58555.3191974401 7.75354e-06 26.767403859927319109 0.00029156732905033072 10 1.1568 
58562.2861188808 7.74263e-06 26.767360770701396008 0.00022275721382253151 10 0.8289 
58589.2762646956 7.75105e-06 26.767500171307062199 0.00020071396301473855 9 1.2090 
58597.2715146542 7.70486e-06 26.76713330705066503 0.00016394772757367897 10 1.1640 
58604.1986225354 7.75661e-06 26.766917762320884672 0.00020586656476068730 10 2.4592 
58611.1584261917 7.72608e-06 26.766860446742132405 0.00019025648566541121 10 1.7436 
58618.1643563938 7.63575e-06 26.766820521703484833 0.00019192862076878469 9 0.8902 
58625.0924724049 7.8179e-06 26.76700438536516043 0.00019022591223249687 10 1.7690 
58632.0750763431 6.10551e-06 26.767090603254267074 0.00025790413865829577 9 2.5004 
